-1.57184084391932,-0.350034569004278,-0.347493018389879
-1.48447500670766,-0.449494321593854,-0.446659835243433
-1.44241842730828,-0.323673967276146,-0.321183550613814
-1.64999230658701,-0.243177709438186,-0.240947482780316
-1.51863873914316,-0.228427487410262,-0.226214298231311
-1.71805876020807,-0.129623367824644,-0.12772110345986
-1.58569646162942,-0.126860016762522,-0.124939504546221
-1.77536662814876,-0.0102797023959842,-0.00871484424288176
-1.64318403453651,-0.0195290843265658,-0.0179139328430937
-1.82139264065006,0.113852661806932,0.115070003800815
-1.69079858081886,0.0926968221058519,0.0939966113021548
-1.85579915472603,0.241692181406382,0.242556106237992
-1.72800324511209,0.208717100285687,0.209694440047156
-1.87842721780213,0.372129744456002,0.372637818438016
-1.75429928620148,0.327570183009627,0.32822087993071
-1.88925920413001,0.504068928425516,0.504220197965753
-1.76953169150524,0.448407342790125,0.448729262180177
-1.88842824137482,0.636446337136171,0.63624259748536
-1.77380146238366,0.570285902821911,0.570279044206057
-1.87615580372873,0.768252566154875,0.767698503422377
-1.76741176277329,0.692251206521217,0.69191792762521
-1.85276010469404,0.89854240685491,0.897643947999571
-1.75071741196742,0.813492446391295,0.812836885499732
-1.38884034224243,-0.541024775610712,-0.537918020762028
-1.35775164966,-0.412055941420251,-0.409305823644019
-1.28589717681527,-0.624234808808516,-0.620881277712718
-1.2655650809894,-0.493056019801379,-0.490066242768693
-1.81862479660111,1.02643592299956,1.02520170989148
-1.72397092400968,0.933189108661749,0.93221724720498
-1.77418077535196,1.1511194350993,1.14955909431406
-1.68745734382483,1.05048446473093,1.04920427065718
-1.71991564360139,1.27185024439112,1.26997552327136
-1.64159240022664,1.16459466942963,1.16301582541101
-1.6563346949501,1.38794213540119,1.38576662100404
-1.58684486160699,1.27482735555164,1.2729612238206
-1.17660196581869,-0.698900242264084,-0.695323558836575
-1.16687413968346,-0.566335134858587,-0.56312772210151
-1.0618272555332,-0.7648155674334,-0.761040917706401
-1.06257531819369,-0.631743740257891,-0.628341096554466
-1.58397493510252,1.49877275450849,1.49631070448143
-1.52371455060626,1.38056808058285,1.37842740165966
-1.5039710863603,1.60308806381856,1.60035726280618
-1.45281155518145,1.48114320942215,1.47874220380736
-0.942456804483347,-0.821986843933305,-0.818042677679737
-0.953429882281453,-0.68919233499831,-0.685617629130687
-0.819193133457686,-0.870192686303785,-0.866102794793091
-0.840129524564357,-0.738491593547529,-0.734767586292196
-0.69278198811069,-0.909383017235892,-0.905174029441463
-0.723313247164123,-0.779445021462787,-0.775594828391507
-1.41641974363238,1.70115212295953,1.69816964238359
-1.37463010058706,1.57598527069258,1.57333956703112
-1.32189321561024,1.7925094931674,1.78929284127036
-1.28953791678678,1.66470018147402,1.661826293754
-0.563893895801861,-0.93947116108863,-0.935164864928234
-0.603664922434819,-0.811964585874801,-0.808011465878759
-1.2209801552497,1.87675763527507,1.87332598070484
-1.19804007383157,1.74691749841083,1.7438327348043
-0.43321131605868,-0.960402670020425,-0.956022033734634
-0.48192165561132,-0.835963655767633,-0.831929260584919
-1.11426685407147,1.95352295512237,1.94989573437226
-1.1007421789604,1.82232256392728,1.81904498743451
-0.301395104621853,-0.972226940663292,-0.967795942187383
-0.358626967806049,-0.85142443040892,-0.847330648997037
-1.00235380646602,2.02248735793592,2.01868500710374
-0.998247598443893,1.89060420619164,1.88715255614068
-0.169077021459642,-0.97496999774855,-0.970510161586921
-0.234128206215706,-0.85841499416769,-0.854283116571387
-0.891123579506981,1.95145741097347,1.947851155776
-0.88584497776492,2.08336383321693,2.07940757160388
-0.0368817723183313,-0.968744753341233,-0.964276942072439
-0.109049641558939,-0.856826640186422,-0.852677327180555
-0.779918656276064,2.00459481611876,2.00085410232537
-0.765345528397747,2.13590076616806,2.13181191637853
0.0946024496549907,-0.953734766057576,-0.949278753597858
0.0158821422743361,-0.846740919181758,-0.842595004042892
-0.665210225486922,2.04978171829094,2.04592721225024
-0.641472188014636,2.17989031021419,2.17569134049084
0.224836106791288,-0.930232353953086,-0.925810717166053
0.14033264415194,-0.828927518164915,-0.824804044539456
-0.547595174576052,2.08685251226043,2.08290533257537
-0.514836745723862,2.21515234911734,2.21086557199219
0.3532970038961,-0.898497008904636,-0.894126291288247
0.264039335194799,-0.803148407474436,-0.799066731182545
-0.427654740623887,2.11570089824079,2.11168232917133
-0.386062393522595,2.2415452264732,2.23719375579051
0.386076689212769,-0.771718024209503,-0.7676937770876
0.4795662114808,-0.858903378326705,-0.854609084911575
0.504131972530148,-0.737618323496745,-0.733657610165544
0.603009876928986,-0.811871976424907,-0.807667978390312
0.617154870683622,-0.703234178578991,-0.699340796938477
0.71003303678861,-0.764187841392398,-0.760088585221873
0.793782234376132,-0.722180460607797,-0.718186226661979
0.710000816712187,-0.66831546411387,-0.66449832533301
-0.305975237154581,2.1362303037779,2.13216195158822
-0.255768264387424,2.25895889214335,2.2545658283982
0.87331753892771,-0.678022261876268,-0.674122053786864
0.796355010930767,-0.630108441913013,-0.626377988395237
0.875940458333993,-0.589792101992774,-0.5861604808644
0.956358118603643,-0.627425247008899,-0.623658427623825
0.955109150845381,-0.550056418730708,-0.54652510373649
1.02864331924481,-0.579205677926085,-0.575566496843015
1.02346093308288,-0.515983430117368,-0.512541876636919
1.08379826166888,-0.539453101783595,-0.535927497652874
-0.183139129242127,2.14832361740633,2.14422726156802
-0.124582411307117,2.26731382543787,2.26290254727726
1.07774716819395,-0.488187411200961,-0.484821500708533
1.12601297403798,-0.507107829938026,-0.50367356408901
-0.0597631456428284,2.15186301147129,2.14776077534322
0.00686710827405742,2.26656170452869,2.2621553106468
1.11972912582231,-0.466265403214624,-0.462960293203128
1.15843515588256,-0.481041915041133,-0.477681635107408
0.0635434187996905,2.14681301759245,2.14272720295521
0.137949252661492,2.25671115084833,2.25233396365895
1.18342450630378,-0.460187268156542,-0.456893481333077
1.15120024533834,-0.448315917474885,-0.445062988015387
0.1861472166784,2.13320152624587,2.12915434707143
0.268029994446216,2.23775575506927,2.2334307575603
1.20546521493853,-0.441154026842216,-0.437919814330284
1.17395215094355,-0.428426224350242,-0.425234021357522
0.307441615265162,2.11111611933523,2.10712928618135
0.396466095783062,2.20975858736213,2.20550852261388
1.23070990059487,-0.418602779455865,-0.415433892066083
1.19506312081655,-0.405352938644246,-0.402230657955744
0.426818316413933,2.08067196104116,2.07676720960314
0.522626302387736,2.17283681790836,2.16868557189173
1.26238199937957,-0.389105963980877,-0.38602873395373
1.21851319235275,-0.374478579527678,-0.371451185962145
0.543663202449745,2.04198362693656,2.0381826110047
0.645867623979879,2.12709791876494,2.12306871358214
1.30179885355872,-0.350268990180201,-0.347314640567669
1.24554536215175,-0.333711403627698,-0.330811258637179
0.657349687346273,1.9951652727764,1.99148905458794
0.765536528014702,2.07269514356926,2.06880943621437
1.35029970834489,-0.298771278242058,-0.295981208728171
1.27919082601946,-0.280084345939357,-0.277352362060354
0.767254940877015,1.94033847087218,1.9368079743663
0.881001146128961,2.00985808804407,2.00613860069274
1.40897909226359,-0.229784076149849,-0.227216256454683
1.31973596138097,-0.211302501710858,-0.208786726171114
0.872775504620314,1.8776295758665,1.87426563076667
0.99160761166923,1.93881329980094,1.93528159233562
1.36701022435365,-0.128613280790382,-0.126357199974177
1.47711479949128,-0.137535996562139,-0.135265459537258
0.973325712846256,1.80719547476522,1.80401848910694
1.09671044296435,1.85985193356881,1.85652877113115
1.41920880476184,-0.027925538791904,-0.0259831789728777
1.54514504891929,-0.0263946049402914,-0.0244777260873447
1.06839123145867,1.72935542496738,1.72638507346095
1.19565738678168,1.773299079198,1.77020433045805
1.60261740835972,0.0918911257159766,0.093443139493894
1.47093988379924,0.0789022087916459,0.0805161932878539
1.15765110426742,1.64480197185733,1.64205625423195
1.28781595505244,1.67954820535085,1.67670142880039
1.64815571273104,0.215266645007899,0.216444873098689
1.51574300533358,0.18956361219427,0.190843116081963
1.240589328184,1.55411119068947,1.55160675447168
1.37254413671976,1.57902890677641,1.57644852719342
1.68131690374464,0.342522516930509,0.343327440198185
1.55070016189954,0.301918699755191,0.302865164306256
1.44920178841857,1.47222479750866,1.46992826286728
1.31620633859047,1.45694489645494,1.45469957455832
1.70199194083576,0.472380014569297,0.472813925907979
1.57598317636438,0.421380754088747,0.421980429027392
1.51717178677645,1.35968981616425,1.35769268808446
1.38425857305088,1.35404828988552,1.35207804686471
1.71022187512009,0.60362382103959,0.603684761068649
1.58991990372941,0.540390158799199,0.540649793444114
1.5758583204212,1.24204123191485,1.24035898103104
1.44357708575581,1.2470192461632,1.24533617728187
1.70621525544325,0.735053528557474,0.734749395885104
1.59198820953892,0.661612621828681,0.661530738879986
1.6246441957659,1.11995161410937,1.11859796213613
1.49328035693567,1.13571801072515,1.13433509644802
1.69033767593806,0.865579051881066,0.864915851145713
1.58501518887884,0.783389278710616,0.782968543000372
1.66297412766934,0.994185354078641,0.993171250388337
1.56413757179869,0.902985254947821,0.902235437881648
1.53345757261772,1.02081522631382,1.01974381257823
-1.3236465526424,-0.292412734357705,-0.289989549546763
-1.39788647690612,-0.207669616409501,-0.205493012618572
-1.46366293932052,-0.117169154615794,-0.115253426945173
-1.52051270401604,-0.0212845088240189,-0.0196422635829901
-1.56855857399591,0.0797772812981809,0.0811343825243258
-1.6076782660197,0.184908318170675,0.185971841930693
-1.63696338230713,0.29283777438006,0.293602958817259
-1.65584474099178,0.402775111510811,0.403239352541016
-1.66433627152419,0.514108738742145,0.514270919316143
-1.66270354612401,0.626252545661129,0.626112874815295
-1.65145161129735,0.738532993205018,0.738093178965776
-1.63104319677786,0.850140881127987,0.8494045092333
-1.24163364555853,-0.370728504545316,-0.368075511749099
-1.15289099782962,-0.442036043285792,-0.439172305242637
-1.21501454392613,-0.256961291706791,-0.254619478464621
-1.28727265279114,-0.182079098187017,-0.17995532457574
-1.3515702183322,-0.100671990790342,-0.0987829567346248
-1.40772362750895,-0.0149234094862791,-0.0132793906590882
-1.45557979996763,0.0752138658189743,0.0766028118267897
-1.49502553789241,0.169389907864353,0.17051492192448
-1.5265792914539,0.26715788213911,0.268011338186992
-1.54857161389368,0.366771923713794,0.36735124263643
-1.56044257351024,0.467702551886081,0.468006588352195
-1.56279547144167,0.569562757012567,0.569591173570452
-1.55553875371021,0.672604405393133,0.672356033295238
-1.60147808358018,0.960142560147749,0.959115479916607
-1.56299620700905,1.0676323820528,1.06632262222438
-1.54031891428878,0.776236485082813,0.775711333532569
-1.51708847771402,0.879282514768421,0.878483596170783
-1.51617624975228,1.17185314464547,1.17027047914541
-1.46141959994496,1.27217143743139,1.2703271074132
-1.05837532887882,-0.506255650747249,-0.503200878896035
-0.958905684182193,-0.563469410254884,-0.560243418008613
-1.13556027481834,-0.325785552779606,-0.323241622204567
-1.05006178632456,-0.388096143030803,-0.385367726334541
-1.11681656646195,-0.217040776287082,-0.214794870980721
-1.18551750457303,-0.152708060716251,-0.150649809051016
-1.30326678551639,-0.00489980277280734,-0.0032665243383043
-1.24958294809381,-0.0770327068213573,-0.0751927182122997
-1.35173424227838,0.0799166210197218,0.0813095521874274
-1.39010575013271,0.160267180344377,0.161434148406013
-1.42288256414216,0.250638263985766,0.251553399007558
-1.44845625741674,0.338787586953241,0.33945876128867
-1.46293286382393,0.431602562125502,0.432019476886427
-1.46793102064727,0.521605519436933,0.521777828444736
-1.46557504453603,0.61519889177061,0.615118463799669
-1.45015877401235,0.70981247884311,0.709478830303263
-1.48482934019583,0.980343872708507,0.979277907864634
-1.44474637267953,1.07877198111335,1.07744708333349
-1.43637526745384,0.806960210895634,0.806366610880491
-1.40797482715932,0.901932388380905,0.901086893390105
-1.39907262672743,1.36823640636263,1.36614239908213
-1.32962845525884,1.45957151379119,1.45724089045552
-1.39740966539415,1.17373386468937,1.17216015135522
-1.34306073069334,1.2647175523281,1.262906337351
-0.855148816715241,-0.613351773195882,-0.609975107579115
-0.747651368103203,-0.65557879175884,-0.652072600421509
-0.959444400914716,-0.444611691116202,-0.44171473131268
-0.864971293529277,-0.49446711723828,-0.491420097107669
-1.03708239581913,-0.27946865873252,-0.277038967176201
-0.95720941608234,-0.330005439195839,-0.327425138966325
-1.03112790413816,-0.184336358971408,-0.182168565664018
-1.16238123508801,-0.0632788691911898,-0.0614636374441366
-1.08511928607576,-0.107290224255874,-0.105342548127281
-1.26336058195668,0.0776058982064336,0.0790188708887108
-1.19743248211931,0.0199547852829709,0.0215359211079399
-1.33562186720342,0.235499502259199,0.236469459261646
-1.28070852558955,0.166654512689092,0.167820946588364
-1.385564695109,0.401398170319961,0.401908762873031
-1.33868204655818,0.326827325542,0.327547804368607
-1.37865476448849,0.478702355325605,0.479004070593969
-1.37519045974681,0.565246579160009,0.565314189605038
-1.3668499798496,0.657534594713603,0.657353628739643
-1.35487229699322,0.738927399593726,0.738528124826154
-1.37381630240396,0.994579260940318,0.993488959335455
-1.33198298274516,1.08512584250972,1.08379732463465
-1.33250503584386,0.83254469782398,0.83189572193878
-1.30323473964513,0.917883885385201,0.917008564150485
-0.637131362048623,-0.689961471825141,-0.686347073997921
-1.25348939327565,1.5453925396987,1.54284029509475
-1.17092356021452,1.62516997830677,1.62241239609725
-1.28179395742579,1.35186271248569,1.34982479140755
-1.21412911028536,1.43447695605336,1.43222480716844
-1.28430502982093,1.17179821911872,1.17024248291343
-1.23089242562156,1.25450473306787,1.25273290184951
-0.664851095667831,-0.573268991459998,-0.569979135840565
-0.766210651703425,-0.537957489468062,-0.534777857564284
-0.868438414519726,-0.382573935331047,-0.379836558717632
-0.78178391317246,-0.424627325012082,-0.421762494351043
-0.877058030537401,-0.285856016711225,-0.283386929738246
-0.943834372638969,-0.212673196376415,-0.210415155421819
-0.978873747205886,-0.10455243156423,-0.102597392507901
-1.10051902517705,-0.00255517887404877,-0.000898034414041963
-1.0211781435177,-0.0266116530363205,-0.0248771242455559
-1.18729911150796,0.125718351062692,0.127010754143584
-1.11757485692866,0.0829139005445804,0.0843337848852141
-1.247691511542,0.275090285745287,0.275965259437491
-1.18793491360669,0.21276037640243,0.213814347068234
-1.29909748606986,0.431071134750316,0.431513701227482
-1.2238120617157,0.373915197202705,0.374524035855662
-1.27862257576889,0.526869314971788,0.527054491183997
-1.29795962149769,0.607460610337978,0.60742456236081
-1.27022128521583,0.684045052680239,0.683805312433837
-1.27102674598757,0.765902828817426,0.765441595274688
-1.2650249812863,1.00640938810463,1.00530028039009
-1.22632288603081,1.08562540604274,1.08430759966382
-1.21414228195906,0.934108690912111,0.933200325048303
-1.22054545591392,0.842793263207169,0.842130577701049
-0.52416121796959,-0.716576433335036,-0.712874471205622
-0.560134995157342,-0.602179633274039,-0.598796589272456
-1.08242575419474,1.69871455426788,1.69576827402779
-0.988711569184016,1.76583422932582,1.76271627578917
-1.14014593524333,1.51146363043692,1.50901255122116
-1.05992097302337,1.58259312345308,1.5799589189145
-1.17186566124503,1.33258263195112,1.33060748687627
-1.10660098213076,1.40620863673657,1.40404245202901
-1.12701357350474,1.24014500523468,1.23842242095342
-1.17564033849039,1.16743100064775,1.16589877806483
-0.592879237911151,-0.491639485990756,-0.488565170125473
-0.685099023793476,-0.462296848568777,-0.459315523661747
-0.706797055068282,-0.367630408819431,-0.364913123537138
-0.785187370602428,-0.303374998306395,-0.300845372709902
-0.838592911403563,-0.198477857577151,-0.196244818053447
-0.88689608317072,-0.106015863758252,-0.104044275846597
-0.941429501455703,-0.00507991437752266,-0.00339368829263229
-1.01942797596581,0.0789809471857928,0.0804253973395672
-1.09129034628572,0.185933819189359,0.187074900416168
-1.13268491080367,0.310405058505928,0.311199874755562
-1.19899059519174,0.485888561425737,0.48619596478415
-1.1139428537584,0.429963889189742,0.430434975799202
-1.19891390858792,0.603607610426933,0.603595189841535
-1.17698978412936,0.731203774827375,0.73084823947362
-1.1358113263541,1.0897987932805,1.08847967817571
-1.1554236797319,1.0038626687367,1.00277295520011
-1.1318290487288,0.904474175296292,0.903655368578923
-1.12016835515287,0.81797064031144,0.817387095342905
-0.409181321113993,-0.735206442369011,-0.731437643615078
-0.453559228811618,-0.623835107447549,-0.620378093437339
-0.490703347146377,-0.516136699581518,-0.512981179363018
-0.890419328736058,1.82623055707509,1.82295863618014
-0.974217185538974,1.64798433048473,1.64518233577642
-0.883999481717997,1.70746272511844,1.70450859502044
-1.03453648254633,1.47422594451231,1.47188404451424
-0.955890439536364,1.53709938678273,1.53459572808473
-1.06973741109473,1.31045821936002,1.3085524148694
-1.0088488912373,1.3742972534232,1.37222570281855
-1.04181811828152,1.23259821668138,1.23090439371317
-1.06942485557435,1.14734786421279,1.14588073378315
-0.526462526235747,-0.424981985228521,-0.422082616233008
-0.613441031976052,-0.371997217678424,-0.369255610826779
-0.9042764585543,0.112645238636904,0.114012723626655
-0.680502063705686,-0.275943176187671,-0.273475500759442
-0.743307978368043,-0.188357486243428,-0.186139765460915
-0.797332286553364,-0.088150200995413,-0.0862159474655341
-0.844750806331267,0.00496911408250262,0.00664059538060917
-0.96458707925366,0.204815357819329,0.205921881621417
-1.02615905165041,0.282316510100966,0.283202557535256
-1.02412851311713,0.384703407255464,0.38530979430111
-1.02099945583041,0.473636080099832,0.474000140165444
-1.08304117720694,0.551235223919298,0.551380044933285
-1.10342276194552,0.656873896318748,0.656729033773406
-1.05741216750302,0.747204805735183,0.746820376241138
-1.05260784353256,1.04579565734823,1.04460401665477
-1.06298388476867,0.960540327488603,0.959577756731212
-1.02046675382046,0.864492470512922,0.863794399180369
-0.788057792202107,1.87957119149834,1.87616380858537
-0.292620834423949,-0.745643264349536,-0.741828648469337
-0.344737077220648,-0.637363470644042,-0.63385372117594
-0.392572358380988,-0.535453853411159,-0.532231461472681
-0.432248825694464,-0.415679655106698,-0.412793143152892
-0.789860649525897,1.76059541867998,1.75750586992098
-0.692239917660811,1.80700091637164,1.80379361415924
-0.872831760024723,1.59513929759264,1.59248674115805
-0.786102854509268,1.64775244746324,1.64496533646637
-0.857990138815756,1.48890684284083,1.48654043469834
-0.935273032407578,1.43349067272469,1.43126666895608
-0.980208581881583,1.2796485677511,1.27783403592453
-0.912983196845063,1.33581552608334,1.33385597048155
-0.962706265118179,1.18539142073521,1.18383236303534
-0.961861677660536,1.09279094927928,1.0914817677374
-0.513891167701929,-0.328892174254314,-0.326256334136011
-0.588456137753449,-0.252596318227611,-0.250181007334636
-0.83500608371159,0.215636251084148,0.216729835982908
-0.808230711321596,0.103970913462798,0.105374734146077
-0.65162773275429,-0.16513412291867,-0.162968501860311
-0.707605167712205,-0.0973128154981348,-0.0953415822664032
-0.730332240046723,0.0123878209124767,0.0140537292823165
-0.918108846486144,0.325629321095261,0.326410835375006
-0.933391775505879,0.444971551360272,0.445424774759632
-0.957809095618451,0.55508152775086,0.555231333632406
-1.00075669846828,0.651118101316006,0.65100131837745
-0.948980396924537,0.760422473914931,0.760014609639821
-0.808525463082453,0.326050325781202,0.326844286117281
-0.954592209545441,0.984076716611997,0.983062044041885
-0.89367356325598,0.864204952694855,0.86352136798297
-0.682127325135028,1.92558057945693,1.92205690385398
-0.234858243488474,-0.6424684540787,-0.638927927104451
-0.174502681345117,-0.748478916258065,-0.744637498111843
-0.427171902297457,-0.292449856254238,-0.289903079253005
-0.28611145047586,-0.541533519543354,-0.53827886286052
-0.336074255660361,-0.455603497248962,-0.452593284258951
-0.339522807512438,-0.356386397618971,-0.353650870064464
-0.591575624767788,1.84646625842506,1.84315937843139
-0.696051304334001,1.69415078936319,1.69124551113267
-0.603189229756518,1.73415961130336,1.73115295769769
-0.777912604157612,1.54115283279986,1.53865232410845
-0.694662342738226,1.58731797522131,1.58469947947962
-0.766208970263021,1.43985380038389,1.43762647591859
-0.837500643552628,1.39021553310117,1.38811606000238
-0.885355385361897,1.23966508588869,1.23796692647027
-0.831954054012434,1.3041520513511,1.30228477266671
-0.864392824115585,1.15383343558286,1.15236877958885
-0.848693851366102,1.05378099348328,1.05258826456532
-0.731969843754959,0.276001692543279,0.276942238794258
-0.502426115262135,-0.21552068982387,-0.21319649551494
-0.569332095618652,-0.158718889348462,-0.156560309570332
-0.708461889382575,0.154912168520879,0.156188427908695
-0.615418059041979,-0.0573666144933946,-0.0554937226609419
-0.630460770501752,0.0652379754226842,0.0667708390294441
-0.644703785441036,0.239449992936338,0.240501418469378
-0.834837757638954,0.420136231928816,0.42066932812301
-0.847086436151311,0.530649505838947,0.530879046067001
-0.871672120367547,0.659484297954965,0.659359648077841
-0.8473658887703,0.777486484690535,0.777043339298942
-0.732022276294325,0.382050227623897,0.382699773167982
-0.823072391359107,0.949779297782165,0.948870786840728
-0.779825443313933,0.843590688287712,0.842974791340923
-0.573169700091391,1.96405836635954,1.96043803895426
-0.488337047512986,1.87883487337287,1.87544696039742
-0.185887456971619,-0.545343250869345,-0.542062726594239
-0.12234798071135,-0.641844722526613,-0.63828753728043
-0.0562577172455968,-0.742625515736429,-0.738779278729927
-0.426141056726924,-0.195560312953209,-0.193281308754308
-0.348801190909134,-0.24265989039157,-0.240240323895414
-0.243351840178227,-0.431378956703991,-0.428422233192475
-0.257798512012232,-0.302848347137205,-0.300249645037961
-0.140450454827211,-0.459036283430883,-0.4559874506838
-0.507844967364908,1.76766509340189,1.76457411695255
-0.410275965287739,1.79446891209684,1.79131116740275
-0.609068013386939,1.62741987000186,1.62469936837062
-0.520915659294967,1.66151940341459,1.65871270325374
-0.68674609221546,1.48672638766009,1.48437889526799
-0.611604394827237,1.52650197117484,1.52405267792132
-0.687303181841641,1.40126622308704,1.39914883851725
-0.744783469125179,1.33320062081773,1.33126225439744
-0.779147610324289,1.2218634298805,1.22022265198192
-0.778855152183723,1.12230877140489,1.12093709407057
-0.73440314830833,1.04085984548328,1.03971274719553
-0.642196802546284,0.331325952794042,0.332125099260674
-0.488718995174391,-0.103170978546396,-0.101155493239814
-0.576479543138832,0.158360067843091,0.159642849479044
-0.529679249950619,0.0386295369244114,0.0402482170613757
-0.562323755080122,0.269403527468024,0.270382115085447
-0.73773815287857,0.492920132377236,0.493265312781956
-0.747072061547726,0.611295496241482,0.611316017155253
-0.754409091837998,0.727942868038513,0.727644365488115
-0.634960233081024,0.44095021078561,0.441449222081023
-0.697367468007236,0.931170523747415,0.930324550681043
-0.670468053864414,0.814175472500104,0.813650391831493
-0.38302792776761,1.90398264398712,1.90053253455168
-0.461742017730383,1.99488006704951,1.99118301697159
-0.0772217657521984,-0.538095595015317,-0.534817540368798
-0.0108343566281186,-0.632178976737412,-0.628628960398344
0.0622273865030903,-0.729287187177863,-0.725454948162905
-0.375292923337693,-0.132767586655024,-0.130655737738028
-0.28063110713418,-0.188063141208129,-0.185785759833844
-0.157617258639068,-0.358901273565953,-0.356132792847392
-0.1849945913838,-0.245054786216475,-0.242606349927538
-0.0483627912766335,-0.42202958575676,-0.419069081199276
-0.310989657868678,1.8144345208021,1.81122789047848
-0.431147412384501,1.68974074145311,1.68686324833711
-0.338847654906073,1.71136759580636,1.70843667405368
-0.447628520128975,1.58994942545641,1.58733954710113
-0.526405644351834,1.56007732071845,1.55754317004963
-0.538233304779935,1.4775828532997,1.47527021489853
-0.601503363434806,1.42177366978051,1.41960722919942
-0.63801020910286,1.32887761134694,1.32695921234991
-0.680159753938818,1.25311626491613,1.25139925133387
-0.668779475282391,1.14720201823634,1.14577247968632
-0.591660556452564,1.03512842403611,1.03400930608167
-0.544219911005246,0.373082297610356,0.373777655840676
-0.496147722655397,0.213782138745179,0.214921545701346
-0.402684958818245,-0.00154932066582122,0.000195948653923428
-0.462034941926199,0.122857312869669,0.124251589637685
-0.469343154958248,0.297089797837501,0.298002558414597
-0.630419293065653,0.564347815916422,0.564509131909321
-0.641107265692615,0.692428656730759,0.692238598607283
-0.521131756944031,0.494999529273383,0.495362325247118
-0.584774910399083,0.903489757017207,0.902729280795919
-0.522583883874045,0.967817622993139,0.966887332599252
-0.545345149012528,0.788996855871485,0.788552187665128
-0.276159566818598,1.92181376921603,1.91832052376559
-0.210500643846385,1.82747470451044,1.82423727962933
-0.348386735129145,2.01795638823443,2.01420274431181
0.026061259458785,-0.525709140546391,-0.522447930156173
0.180817082711477,-0.708009391033817,-0.704211378909266
0.102533020161075,-0.615511488183813,-0.611986527691829
-0.298305169937703,-0.0747573378585603,-0.0727963946425535
-0.215303710109442,-0.136244227505623,-0.13410208030538
-0.0818880612538032,-0.297769332434081,-0.295159743214073
-0.115888596219747,-0.187569202420159,-0.18527120581576
0.0286553517865401,-0.338549169515364,-0.335809366241719
0.0633231139874726,-0.435754576872337,-0.432737712040473
-0.245719929833991,1.7266694157841,1.72370161638167
-0.15119141505773,1.73524411575263,1.73225709676432
-0.358778064465405,1.61227511206628,1.60960996753789
-0.2758147763913,1.63045097132858,1.6277409771541
-0.38320659616207,1.53172781384233,1.52927853149993
-0.451809087281505,1.48494540050556,1.48261834586553
-0.497367343346231,1.3965722352764,1.39448091424863
-0.551259245721026,1.33488816708752,1.33295985119231
-0.570078179310477,1.23443760356415,1.23277965825375
-0.547616445322009,1.12465738978763,1.12329871700066
-0.463036009963366,1.02956546145896,1.02847177772169
-0.435363686340787,0.40472474173904,0.405344614955199
-0.306557019924659,0.0253664981624643,0.0270489049950653
-0.409737940905779,0.214345940678134,0.215493583212511
-0.357197360950357,0.112054037031117,0.113490434919988
-0.368097906866535,0.306560673552788,0.307458235491899
-0.500785689569377,0.64540881478139,0.645361071550419
-0.383238858798631,0.533777364882254,0.534047237449506
-0.454058597967468,0.902058437618468,0.901313009482192
-0.374249307542148,0.973890539644976,0.972955330761117
-0.41952842085888,0.777698679929841,0.777296007741224
-0.109344082386326,1.83353621803454,1.83028621624235
-0.16826942909503,1.93223052054117,1.92871343813803
-0.233654191134107,2.03319146285564,2.02940158170708
0.140661293995006,-0.502327425291162,-0.499111045672573
0.299343253679042,-0.680724361534281,-0.676976230057191
0.216734825233204,-0.589871608750128,-0.586395676391698
-0.20923563733941,-0.0157403571722034,-0.0139321607856768
-0.137770868477396,-0.0959628245589979,-0.093922702303746
-0.0158326972869308,-0.227090995508071,-0.224669066197042
-0.0575926364000839,-0.122312494219157,-0.120188663262458
0.0907437309572687,-0.258848720411025,-0.256322689179946
0.148599847856763,-0.376260013062756,-0.373395628919856
-0.0568092102892883,1.7375406345285,1.73455079740641
-0.184622145732677,1.63964251558853,1.63691182887624
-0.0998177248126593,1.64640095056549,1.64365541152449
-0.218219531315002,1.56239993724125,1.55987626610433
-0.294192233035065,1.52550142148774,1.52307370780817
-0.351900571446484,1.44458285416362,1.44237069633884
-0.414095987601396,1.39070214589648,1.38863200330651
-0.449900305765856,1.29340049985802,1.291591407716
-0.45645651583928,1.16510340651198,1.16364174972859
-0.355521617633702,1.07591330672086,1.07470132232042
-0.324964733568968,0.412150066418471,0.412760624621857
-0.254981867664153,0.103151037517679,0.104623859396028
-0.307196420436303,0.208017926802324,0.209194413785441
-0.261981494733227,0.303035264000091,0.303953617961791
-0.160024030037688,0.0851627069083665,0.0866962968331796
-0.262997173523376,0.497804712430236,0.498184874462879
-0.275810228629072,0.984846755991136,0.983888684273623
-0.364728929893233,0.665612720113388,0.665522012233352
-0.288555978978372,0.591981130624169,0.592099502294277
-0.32526476825193,0.871135991559825,0.870485246665129
-0.312742892605452,0.759388882008459,0.759045238292255
-0.00806310572810101,1.83248231304831,1.82923831562739
-0.0599419702115449,1.93513620518926,1.93161483411628
-0.118134533274891,2.04046212691316,2.03665666158266
0.416925630561181,-0.650024536902405,-0.646335330020846
0.245431106076472,-0.471326638727432,-0.468178128050043
0.331742515699768,-0.560908854432505,-0.557490734059919
0.529873916922281,-0.618187907321956,-0.61456207347195
0.641725779937019,-0.590655519739691,-0.587081853937621
0.730062834914425,-0.58560527497288,-0.58202426414467
-0.0908336165421702,-0.017948071041846,-0.0161194013494544
0.0410205474509682,-0.157474621415013,-0.155239539191416
0.00370977771161552,-0.0673558129892402,-0.0653776550774503
0.143916729239033,-0.182561098785089,-0.180241703660461
0.198157578083715,-0.271122337097033,-0.268545854762777
0.273230098182259,-0.35579531939721,-0.352967974459288
0.0378400129182225,1.73273506708281,1.72976106558662
-0.00780190670083636,1.64257898480575,1.63984697105783
-0.0525255375317569,1.57121605760526,1.56867540858997
-0.133429450263022,1.54546636402695,1.54299218037598
-0.201811132778846,1.47054114447633,1.4682666074267
-0.270543883329577,1.42636121411841,1.42420281027534
-0.319503086566379,1.33400974257631,1.33209877538599
-0.340541998870919,1.19809027987817,1.19654690189625
-0.256575163011574,1.10365467741036,1.10237364905408
-0.184730964489432,1.01588020038739,1.0148432745898
-0.213417146498349,0.394538474237982,0.395208494880522
-0.189534328036888,0.20389266241581,0.205093269737837
-0.168659193820577,0.307473964721167,0.308389418388899
-0.0984182485110357,0.157133522241446,0.158473759892285
-0.0652556869863948,0.0830626654095824,0.084612815015613
-0.202376950857936,0.579229706983505,0.579390586551229
-0.155959327601351,0.478009215113502,0.478453599654806
-0.204525714747472,0.907995884537032,0.907252913074461
-0.124652840602813,0.947836929550696,0.946989951491867
-0.237355086850832,0.683242304598987,0.683113865586405
-0.217933676509598,0.803133540991379,0.802677172823511
0.0927529313371498,1.82429585787208,1.82107649784141
0.0482272790871529,1.93048015584381,1.92697418190332
-0.00242292664883596,2.03967514266611,2.03587502072538
0.79328720716784,-0.536772608839117,-0.533320348689753
0.88355996063542,-0.506424641713603,-0.503042369248451
0.961545609525037,-0.477209508572613,-0.473899490476157
1.02969823572487,-0.457091466035009,-0.453830569392727
1.08234857541854,-0.442228872839054,-0.439005194927271
1.12262884532871,-0.430710563396376,-0.427516876371159
0.450470956229189,-0.53075318060688,-0.527395563890949
0.361583665851221,-0.442568216401022,-0.439479453431341
0.572798985095665,-0.502425244293872,-0.499122909833301
0.698996514607331,-0.489643703857484,-0.486351582385398
0.0288143648618869,0.0329475080621272,0.0346481718940595
0.100109024777643,-0.0702739722631302,-0.0682756914984337
0.196850514588427,-0.0971180971018415,-0.0950322352569207
0.229007451073103,-0.188891775905949,-0.186542789960506
0.303669498894688,-0.245426930615391,-0.242907318578164
0.381938802577464,-0.32806809276258,-0.325301463013545
0.131359318271395,1.72123336261124,1.7182927467756
0.0759645495040543,1.63794451660323,1.63522752884424
0.029418008654325,1.54283454531883,1.54037352115644
-0.0496519070306009,1.4799591110696,1.47766563705505
-0.123823773154968,1.44318041905967,1.44098356421278
-0.185312458259851,1.35717076342522,1.355204264417
-0.227645958029514,1.22493943487442,1.2233299012598
-0.15520017303398,1.12225752719199,1.12093180998458
-0.0917017589454415,1.02880586328004,1.02773906977764
-0.106481730952193,0.371240998932096,0.371985521267713
-0.0732545026372394,0.257475885481818,0.258539554351781
-0.00402272386503956,0.156073750342939,0.157426863523014
-0.144268762597864,0.643901879217258,0.643889097070362
-0.102130569231184,0.562509786233133,0.562725022090356
-0.0483525423204002,0.46273125280908,0.463227098676136
-0.0411347804504099,0.940334723252866,0.939513238827169
-0.102959410339764,0.846858262728192,0.846289748629161
-0.130878300940396,0.739448465141078,0.739173449839846
0.192443897702299,1.80926920926686,1.80609234989751
0.155666284240859,1.91831832694994,1.91484729170661
0.112890258584864,2.03083135649728,2.0270574940153
0.801636265721367,-0.447181860138138,-0.443993850940084
0.898653287101409,-0.423145582672839,-0.420011191854829
0.977468822547764,-0.410255910431899,-0.407147131659586
1.04288262259363,-0.401527913720971,-0.398435912535838
1.0949643700496,-0.398234624765434,-0.395145710802211
1.13193688603619,-0.396925142920857,-0.393835827188431
1.14928754524751,-0.421094998483504,-0.417928115547155
0.0997926942011525,0.127386272101681,0.12883031395945
0.492244308438223,-0.395758557112,-0.392779332393974
0.623023263378818,-0.389308898534425,-0.386324606700573
0.729867440623658,-0.37409455204595,-0.371135802871881
0.161941186898324,0.0174866333559435,0.0192457439462788
0.261198784464071,-0.0310520424723327,-0.0291448219484003
0.310358146484651,-0.126410794838782,-0.124227718894722
0.397199921790954,-0.21219111875634,-0.209752467547761
0.467661347548771,-0.276264762520539,-0.273632572391094
0.223642129629138,1.7038588555364,1.70096699433157
0.165726597364893,1.61901093386518,1.61634738133448
0.112371634762994,1.55720451402427,1.5547070186137
0.104601139064776,1.46716354102915,1.46491001858748
0.0251345097120113,1.44088765214236,1.43870290488594
-0.0489141735592284,1.36276458463049,1.3607891638221
-0.108904435616837,1.23517237227913,1.23354130340417
-0.0547744791259625,1.12540792419658,1.12407893849952
-0.00850046449929452,1.03688416201217,1.03579966590993
0.00360819968796106,0.352723377488785,0.353529226192747
0.0537665026005739,0.242295838295952,0.24341402228113
-0.0484532409253022,0.65498542141828,0.654949154351181
0.0154130559669501,0.550669369963144,0.550926360711218
0.0637836874768663,0.445714440634303,0.446266542134322
0.0150268427235932,0.866686187048463,0.866070249234601
0.0404971450393978,0.956826331242164,0.95596391763672
0.00462552893406714,0.753267401612093,0.752963362515101
0.0813684720572345,0.812759556687126,0.812295858907108
0.29042823754873,1.78771888329112,1.78460157207742
0.261799793121561,1.89881054112085,1.89539358131347
0.227202652639478,2.01400798261605,2.01028107804982
0.834179088799782,-0.350766675869732,-0.347859714987117
0.926271112460207,-0.345554227846256,-0.34264916611697
1.00518961845058,-0.34707632840007,-0.344155993628758
1.06754772454438,-0.353339994538989,-0.350392965864304
1.1174020811618,-0.361152085608962,-0.35817555784837
1.15052194439062,-0.373845037963058,-0.370825723740273
1.16371522119149,-0.399379350683921,-0.396278939476634
0.165646609885406,0.217738979462408,0.218936226730607
0.198122008034496,0.124628053895707,0.126089788777866
0.565742474115695,-0.289002858364721,-0.286318892749261
0.671835960764788,-0.277865820687521,-0.275198228296584
0.774652078830762,-0.266174399170893,-0.263526600248595
0.274766620939262,0.0658797974908992,0.067514731060333
0.356587339363447,-0.0159749816069683,-0.0140996996204916
0.428800450039672,-0.09306348841412,-0.0909605991868476
0.505426650720357,-0.182888604655462,-0.180518980243513
0.313156280742777,1.68155561142563,1.67872534243378
0.24900119378123,1.60400786317046,1.60138657779038
0.189991423666077,1.51784457696061,1.51545571382295
0.17491407177032,1.4218892918459,1.41976071867262
0.0902192781847499,1.35171637065072,1.34977621584155
0.00993950543573261,1.2312652296074,1.22965025693818
0.0466993920721574,1.11624410258123,1.1149449211311
0.0673916070050762,1.03406894770369,1.03299579765472
0.132631054073042,0.336027405112035,0.336890770596918
0.230536632449486,0.283924964894528,0.284942167694453
0.119734902981964,0.985871899934035,0.984933397597181
0.168357958366277,0.435297522372094,0.435886458188862
0.0690463928015445,0.650356359939233,0.650340817666891
0.148944236511165,0.542753570145692,0.54304181090769
0.111459354686661,0.890207442178763,0.889531774171296
0.118601028689235,0.733808017036603,0.733564464212514
0.147257636717107,0.813994549805744,0.813530852689366
0.386400620618152,1.7594600298645,1.75641986283276
0.400611926086622,1.65149001359898,1.64874191388747
0.366118504913217,1.87208528799849,1.86874124530805
0.339937199008108,1.98933350867465,1.98567395023855
0.875468122588452,-0.249140724600944,-0.246530782140204
0.979572070491545,-0.279757499623554,-0.277044218839213
1.0413969709225,-0.305332246362876,-0.302534994135556
1.10267104995279,-0.305490032499252,-0.302686709705994
1.15597369934522,-0.337427740604775,-0.334521339812947
1.18087407988335,-0.369525926179394,-0.366517314847658
0.282446611630053,0.187990705968123,0.189281980458224
0.615994237569299,-0.174019646296275,-0.171661455124033
0.721785924151281,-0.173678853018488,-0.171309031500751
0.817392048619154,-0.17225610404237,-0.169880148718583
0.891132293666513,-0.165284093581394,-0.162921794272433
0.375861048452991,0.104137602143697,0.105674137574805
0.460001226302985,0.0225622920103261,0.0243386738264867
0.556995940632254,-0.0519223576023906,-0.0499230467791629
0.335779099501583,1.57761293841087,1.5750644478099
0.273210286371644,1.52124283635614,1.51884640437194
0.250115196198339,1.43439272423655,1.43223187739005
0.41448363123464,1.54991957870022,1.54744697708813
0.223075532304018,1.33410821822742,1.33221989832885
0.141860940869058,1.20402756383848,1.20249197907981
0.138527135824678,1.07451819650518,1.07333708599868
0.2427179434429,0.374495386385846,0.375259622947928
0.32807451194218,0.302845459089929,0.303816955639282
0.179230238084606,0.941344294788523,0.940530805481189
0.205033583938979,1.01709465606163,1.01607371530564
0.253712852531045,0.477496711213777,0.477973544357453
0.182871283742711,0.656530978243113,0.656505115802934
0.267890592463071,0.575338345884777,0.575542958932627
0.202943163131841,0.86828538123052,0.867674315974108
0.225750709563234,0.765759269294993,0.765432715882461
0.488640766927815,1.61678706626488,1.61413331802853
0.480518124943721,1.72474645691228,1.72180040783162
0.468227803871022,1.83828414067392,1.83503153681014
0.450538956880062,1.9569530226493,1.95338091706026
0.96014472060154,-0.198569232014409,-0.196101922569023
1.05200398378446,-0.240997396748236,-0.238395082639513
1.12158384911055,-0.249850916203008,-0.24721711509999
1.16200977365715,-0.28910553846538,-0.286348654248621
1.19650435745392,-0.3305728527676,-0.327685001669234
0.943601347477123,-0.121013000965306,-0.118778265376809
0.404118828109585,0.216779933942937,0.217999855730219
0.864762363142068,-0.0961452698228555,-0.0939895086073516
0.674394737891032,-0.068711829959611,-0.0666524182734304
0.776552312164245,-0.0831136979252887,-0.081003175542166
0.491066408933331,0.134295559136236,0.135756252515112
0.550696478566747,0.0579013490246281,0.0595849984555048
0.639991498715238,0.0340286403308811,0.0357881385916308
0.342736918767851,1.47292024893156,1.47065615783458
0.30605703141844,1.38589960616638,1.38387183842663
0.492602441064126,1.51403306821285,1.51165829384382
0.426632309009509,1.46624739294751,1.46400230453695
0.318979952974416,1.31392806246133,1.31209685605769
0.278701644009514,1.2270255637052,1.22543102743993
0.235590386331492,1.1183884017256,1.11709031913601
0.428955146671369,0.32787431730509,0.328781997145509
0.342753164760648,0.40442733468033,0.405114291723942
0.255391802814059,0.942533426633454,0.941719552582424
0.301945898905011,1.04022098715565,1.03913952236288
0.356558441501039,0.506655202296209,0.50705635597634
0.30550751627196,0.672186571790832,0.672123350701213
0.359748789383618,0.596407192477069,0.596557575850133
0.298678714477314,0.855897428254738,0.855324334057933
0.347741983666089,0.766004368774051,0.765682114028202
0.571809040152084,1.57655919757049,1.57401442772423
0.567830947531208,1.4773465556298,1.47507151641356
0.571819664769574,1.6839738574161,1.6811378877959
0.567555012740096,1.79760794948272,1.79446482341997
0.558422266660487,1.91700652893262,1.91354165028774
1.0211608639577,-0.147549908833713,-0.145231463492993
0.996332372061184,-0.0790220292735684,-0.0769094634846108
1.10438211320773,-0.184174254689619,-0.181741601044569
1.16849019861131,-0.224043760281581,-0.221487232779121
1.21488281365466,-0.277759483030372,-0.27503558483607
0.928341174593793,-0.0404797746422355,-0.0384843563703365
1.00998802224631,-0.0070878203075433,-0.00518832595362632
0.518474676463169,0.242306641757445,0.243462055621028
0.841042850185045,-0.00694972345848343,-0.00505741028007696
0.742870649088659,0.0154803152354259,0.017301094601227
0.611500436831943,0.148719268120123,0.150147368829055
0.703491277156865,0.102704872151536,0.104270834716592
0.395562690803836,1.37471712483434,1.37272111551164
0.48777596215459,1.41964683265828,1.41752897840659
0.389641610411115,1.25844549635309,1.25676706977973
0.347716379892464,1.14838418697677,1.1470066334686
0.534969391008928,0.35607817509094,0.356911905949435
0.446499647464135,0.437196680099727,0.437797274277141
0.35734391018593,0.9553221047841,0.954476076875851
0.413463903399208,1.06369443459404,1.06255087997632
0.463819321579446,0.558588703224816,0.558849167905803
0.416793567411668,0.668110031439243,0.668062590868416
0.409175355193544,0.864532854972778,0.863939214664254
0.46295272157791,0.767715397448242,0.767391877554014
0.565353977983596,1.39583570151529,1.39378282259031
0.639275306374735,1.42595042893631,1.42381498027217
0.65088562893126,1.53000776333159,1.52758886535542
0.659087193918235,1.63685443434404,1.63414537584906
0.663307955348518,1.75009242852998,1.74707680331324
0.662950477948837,1.86958865520255,1.86625056999388
1.07869109282741,-0.079238455052785,-0.0771228992055971
1.08260717820847,0.00695984704011731,0.00881835097781125
1.17398550132713,-0.141291731127048,-0.138988079848041
1.23755637274583,-0.209040040522915,-0.20652899962191
0.925580523458025,0.0464428407360249,0.0481825436712128
1.02325456878976,0.0746959319262533,0.0763542552740293
0.625159329217042,0.274237816654598,0.275308136348541
0.813707169089115,0.11078253726694,0.112330685092301
0.722338058093199,0.200768628944,0.202053391888316
0.504272027107174,1.3116924698488,1.30986939820999
0.466970722589188,1.18255246681597,1.18108291783268
0.636686201955461,0.387454302744877,0.388203215377095
0.554040969723122,0.467398684288529,0.467918756927296
0.473525080225023,0.970653202816698,0.969767242709271
0.533304723669921,1.08506638445773,1.08386538514497
0.578467045912548,0.564307677885457,0.564555697393246
0.538403100046578,0.670414262070052,0.670363911821282
0.514810249038605,0.871604744745572,0.870993642760253
0.557169604546504,0.780024660177207,0.779668758354704
0.617836214893478,1.32766852535691,1.3258016354431
0.70908495937573,1.38154230251738,1.37952725329754
0.725461559418794,1.47944074210372,1.47715845943745
0.741844364474958,1.58358702748675,1.58102128706237
0.754818201585915,1.69568738224376,1.69281752600726
0.763495627303436,1.81474001347766,1.81154828760198
1.13116287272936,0.075446994364466,0.0771016774285496
1.18028263472948,-0.0291355087320886,-0.0271707400610078
1.26492386031795,-0.122874456517521,-0.120628910072004
0.937147718446145,0.147696257403695,0.149140414264987
1.05144990792026,0.160584528465118,0.161990769891672
0.721430695461357,0.311476614073791,0.312444336980223
0.845156966778239,0.245396511077452,0.246556535807058
0.728254341586046,0.405087064216708,0.405788255320655
0.601145167106803,1.21112698961462,1.20957947730015
0.648495514302265,1.08514683377641,1.08394569971338
0.676414169203566,0.500222389590884,0.500653082684579
0.603134629343308,0.962457640347809,0.961595530857619
0.66074897410113,0.625231277573316,0.625309627505288
0.639784467380414,0.732281539851636,0.732059795267168
0.626502147450757,0.844690690805616,0.844155457571062
0.706048187588089,1.2849300003818,1.28317926297055
0.773754674129694,1.34339081044534,1.34147893914152
0.792134297359703,1.42787322700235,1.42573024252047
0.819243608696037,1.52412718868006,1.52172143632177
0.841529117480055,1.63430451226772,1.63159906043969
0.8594769369295,1.75248673955538,1.74946100942698
1.16125294351135,0.180262114471423,0.181607078330666
1.23210240666736,0.0777206725852381,0.079364068377267
1.30213607184019,-0.0262115315738283,-0.0242619288266094
0.980252060211876,0.244212590720253,0.245376520518347
1.07565381323626,0.241192551352837,0.242363226718564
0.816323480271175,0.367495921176569,0.368305406254888
0.924898279318025,0.335343338863133,0.336244995650344
0.787126040824499,0.468059709327762,0.468582704004508
0.723988836732317,1.18495730185955,1.18348068124771
0.707780152270494,1.00340255083323,1.0024268202159
0.757253473334333,1.08379294735515,1.08259445136109
0.78217885767928,0.582710877250489,0.582909491676132
0.712474429829508,0.911744310547766,0.911022626581198
0.749245547141725,0.701450996527527,0.701315786189323
0.731853980132601,0.810375547890365,0.809935853891602
0.802168371918198,1.27301796940023,1.27129819507693
0.851552276195178,1.35322225970149,1.35128169755702
0.891333375698854,1.45353279466221,1.45131730530918
0.923084063558679,1.5652954351446,1.56277492278508
0.95041109823044,1.6828459352039,1.68000589521661
1.14726744277164,0.285826906661278,0.286864949865557
1.22503226218128,0.249206418929099,0.250346024994686
1.27767605685147,0.166171498898142,0.167550104029812
1.34928375002474,0.0735628385661457,0.0752087798939651
1.04721653496149,0.335060796658593,0.335960809784559
0.887241495512286,0.437805862192137,0.438414713002549
0.974465840625142,0.414502429535762,0.41517640572139
0.857378303478325,0.518223631434543,0.518604172498211
0.822785069304249,1.1751301956868,1.17367875685217
0.791745203790124,0.982843238611699,0.981923320794094
0.848831159941317,1.07346773728586,1.07229588028741
0.857335017942216,0.675081898390729,0.675019607039505
0.887006690410883,0.590708456387736,0.590883452217424
0.823657242683532,0.884580431309632,0.883932810859981
0.833914186091531,0.780511500045592,0.780154005070656
0.887186320626144,1.26060294268408,1.25891500470146
0.962736756969542,1.3609156073557,1.35895049859258
0.999550918414059,1.48935322783139,1.48703647388066
1.03610935474558,1.60624626705068,1.60361060822097
1.14185023694662,0.369752154695217,0.370548010576196
1.23836206967666,0.338478379505713,0.3393579356663
1.31979015520892,0.262632265088112,0.263724532690756
1.39363754548205,0.172720338453423,0.174067421468345
1.08612794886197,0.454596202581072,0.455151559441514
0.963257052113547,0.523210122772629,0.523574593885954
0.903623008685047,1.15723563152003,1.15583123669648
0.928407283546299,1.07899398010004,1.07780452378202
0.901574639773558,0.980223376892784,0.97930809920931
0.919213231907772,0.741431670273619,0.741181642746112
0.974898786304566,0.654328220792552,0.654321338422825
0.933594533067103,0.856596828744362,0.856024309668562
0.981977387332092,1.24122055438958,1.23958251533376
1.05163799991847,1.31384982712484,1.31200979319483
1.07626144705144,1.41441364159108,1.41229778774484
1.11719688965833,1.52450313315678,1.52208574437285
1.20090787140451,0.433973789522654,0.434581352821302
1.28584456963859,0.416981691649504,0.417631051549397
1.34788683806149,0.35094682248731,0.351780064793685
1.42799073957177,0.277661370235115,0.27869711208989
1.1760495552311,0.516482499696528,0.516856128445436
1.09917377710196,0.589176072650382,0.589347871406905
0.996579266275836,1.13793803321382,1.13658340838365
0.993259290920702,1.03632154196736,1.03524760939641
0.990617841611521,0.949391454534308,0.948558608417184
1.01606695847127,0.777440419952627,0.777086023877253
1.09661185265643,0.709602007552874,0.709434054319519
1.05011817966037,0.882598694130261,0.881948977499441
1.09007711996009,1.21612022785956,1.21454624480911
1.15098403699777,1.32681357485075,1.32493309879566
1.19293941068633,1.43747551026657,1.43529084794859
1.27727821164898,0.507504317838712,0.507895581237413
1.37098999634738,0.450167262706792,0.450712851738373
1.4582936527136,0.382532538709337,0.383261169496706
1.2195906480442,0.594567317998671,0.594715993028484
1.17768135270433,0.671446930636464,0.671381432304605
1.08213203933816,1.0977360677764,1.09648832028414
1.07447255965286,0.99140342218459,0.990450121631969
1.12460809343202,0.824782163111159,0.824289765730657
1.19653750416106,0.760416904412211,0.760100004588708
1.15077754083962,0.933499557956358,0.932702650993241
1.1616557738126,1.15233918892257,1.15093659336854
1.20553225358051,1.24163758737183,1.23998708702587
1.25915974854909,1.34244860733094,1.34051898154771
1.3080466578074,0.596440111868624,0.596575967076128
1.37975079591682,0.543726326181739,0.544004320928293
1.47542809857546,0.492046522164259,0.492459729787991
1.27936928097225,0.686306459104645,0.686191251865591
1.18061690775324,1.04935180727304,1.04823202213941
1.29088006963642,0.784084548321606,0.783693986807303
1.24177703447121,0.868802351439689,0.868179233185266
1.23966128109247,0.972060897270839,0.97115099087247
1.258271308612,1.14581565887877,1.14442473948055
1.32023442433015,1.24596273773056,1.24429259684859
1.38433739692015,0.650022327002244,0.649999203365376
1.48379178237478,0.599352780166998,0.599460884848235
1.37856941905756,0.74712023352801,0.746824971893518
1.2973486900954,1.05260776765428,1.05147073834492
1.35894768943621,0.856019198988075,0.855421783512154
1.3310667791105,0.949987596828379,0.94913163757549
1.37070448122638,1.14447984235913,1.14308399064396
1.4816201753093,0.706969321524305,0.706775096622513
1.46880638137278,0.821731435362557,0.821218223694055
1.4115157896823,1.03975586230122,1.03864459545983
1.4442134474041,0.93221986753738,0.931402534810117
