-1.57184084391932,-0.350034569004278,-1.56867634900733
-1.48447500670766,-0.449494321593854,-1.48152082629864
-1.44241842730828,-0.323673967276146,-1.43953625507946
-1.64999230658701,-0.243177709438186,-1.64663454228086
-1.51863873914316,-0.228427487410262,-1.51557064405816
-1.71805876020807,-0.129623367824644,-1.71452469376391
-1.58569646162942,-0.126860016762522,-1.58245999937742
-1.77536662814876,-0.0102797023959842,-1.77168004306995
-1.64318403453651,-0.0195290843265658,-1.63979810966997
-1.82139264065006,0.113852661806932,-1.81757690376392
-1.69079858081886,0.0926968221058519,-1.68728412509102
-1.85579915472603,0.241692181406382,-1.8518800754478
-1.72800324511209,0.208717100285687,-1.72438282361997
-1.87842721780213,0.372129744456002,-1.87443217555958
-1.75429928620148,0.327570183009627,-1.75059738949507
-1.88925920413001,0.504068928425516,-1.88521552422568
-1.76953169150524,0.448407342790125,-1.76577386887249
-1.88842824137482,0.636446337136171,-1.88436421144137
-1.77380146238366,0.570285902821911,-1.77001344633998
-1.87615580372873,0.768252566154875,-1.87209905188589
-1.76741176277329,0.692251206521217,-1.76361897312743
-1.85276010469404,0.89854240685491,-1.84873800203759
-1.75071741196742,0.813492446391295,-1.74694479453474
-1.38884034224243,-0.541024775610712,-1.38611266072703
-1.35775164966,-0.412055941420251,-1.35507148914099
-1.28589717681527,-0.624234808808516,-1.28340576710633
-1.2655650809894,-0.493056019801379,-1.2631005322129
-1.81862479660111,1.02643592299956,-1.81466386827325
-1.72397092400968,0.933189108661749,-1.72024299691031
-1.77418077535196,1.1511194350993,-1.77030647783873
-1.68745734382483,1.05048446473093,-1.6837981471866
-1.71991564360139,1.27185024439112,-1.71615280319566
-1.64159240022664,1.16459466942963,-1.63802506327747
-1.6563346949501,1.38794213540119,-1.6527063045768
-1.58684486160699,1.27482735555164,-1.58339140623552
-1.17660196581869,-0.698900242264084,-1.17436148896339
-1.16687413968346,-0.566335134858587,-1.16463754511054
-1.0618272555332,-0.7648155674334,-1.0598444679905
-1.06257531819369,-0.631743740257891,-1.06057742087777
-1.58397493510252,1.49877275450849,-1.58050308247411
-1.52371455060626,1.38056808058285,-1.52039590132
-1.5039710863603,1.60308806381856,-1.50067534024972
-1.45281155518145,1.48114320942215,-1.44964718977007
-0.942456804483347,-0.821986843933305,-0.940747849613034
-0.953429882281453,-0.68919233499831,-0.951681126538958
-0.819193133457686,-0.870192686303785,-0.817765420747744
-0.840129524564357,-0.738491593547529,-0.838639287264582
-0.69278198811069,-0.909383017235892,-0.691639342457838
-0.723313247164123,-0.779445021462787,-0.722088919163371
-1.41641974363238,1.70115212295953,-1.41331882217715
-1.37463010058706,1.57598527069258,-1.37163825127341
-1.32189321561024,1.7925094931674,-1.31900479133193
-1.28953791678678,1.66470018147402,-1.28673593578633
-0.563893895801861,-0.93947116108863,-0.563049109531223
-0.603664922434819,-0.811964585874801,-0.602713677320967
-1.2209801552497,1.87675763527507,-1.21832037760568
-1.19804007383157,1.74691749841083,-1.19544404764107
-0.43321131605868,-0.960402670020425,-0.43266581725311
-0.48192165561132,-0.835963655767633,-0.481248812349666
-1.11426685407147,1.95352295512237,-1.11185016220244
-1.1007421789604,1.82232256392728,-1.09836666800297
-0.301395104621853,-0.972226940663292,-0.30115125957257
-0.358626967806049,-0.85142443040892,-0.358235422252719
-1.00235380646602,2.02248735793592,-1.0001934766934
-0.998247598443893,1.89060420619164,-0.996105696315763
-0.169077021459642,-0.97496999774855,-0.16913815134596
-0.234128206215706,-0.85841499416769,-0.234020291001794
-0.891123579506981,1.95145741097347,-0.88922694103977
-0.88584497776492,2.08336383321693,-0.883952453730287
-0.0368817723183313,-0.968744753341233,-0.0372429466777708
-0.109049641558939,-0.856826640186422,-0.109225198825407
-0.779918656276064,2.00459481611876,-0.778277592909549
-0.765345528397747,2.13590076616806,-0.763731150615702
0.0946024496549907,-0.953734766057576,0.0939458688842623
0.0158821422743361,-0.846740919181758,0.0154262916378358
-0.665210225486922,2.04978171829094,-0.663833546566858
-0.641472188014636,2.17989031021419,-0.640144088357562
0.224836106791288,-0.930232353953086,0.22388752290217
0.14033264415194,-0.828927518164915,0.139600473232437
-0.547595174576052,2.08685251226043,-0.546490226682216
-0.514836745723862,2.21515234911734,-0.513802381233126
0.3532970038961,-0.898497008904636,0.352075608779715
0.264039335194799,-0.803148407474436,0.263037728766034
-0.427654740623887,2.11570089824079,-0.426827365588798
-0.386062393522595,2.2415452264732,-0.385326554947405
0.386076689212769,-0.771718024209503,0.384813996117243
0.4795662114808,-0.858903378326705,0.478069704826112
0.504131972530148,-0.737618323496745,0.502622137636403
0.603009876928986,-0.811871976424907,0.60127032217611
0.617154870683622,-0.703234178578991,0.615415084904595
0.71003303678861,-0.764187841392398,0.70807963243754
0.793782234376132,-0.722180460607797,0.791663727058516
0.710000816712187,-0.66831546411387,0.708075415133082
-0.305975237154581,2.1362303037779,-0.305429842742549
-0.255768264387424,2.25895889214335,-0.255335437832389
0.87331753892771,-0.678022261876268,0.871060820306828
0.796355010930767,-0.630108441913013,0.794262793270338
0.875940458333993,-0.589792101992774,0.873700446948019
0.956358118603643,-0.627425247008899,0.953947265731273
0.955109150845381,-0.550056418730708,0.95272335874787
1.02864331924481,-0.579205677926085,1.02611326544267
1.02346093308288,-0.515983430117368,1.02095202169019
1.08379826166888,-0.539453101783595,1.08117023923671
-0.183139129242127,2.14832361740633,-0.182878679006398
-0.124582411307117,2.26731382543787,-0.124454543816008
1.07774716819395,-0.488187411200961,1.07514030304974
1.12601297403798,-0.507107829938026,1.12331300589065
-0.0597631456428284,2.15186301147129,-0.0597889447256669
0.00686710827405742,2.26656170452869,0.00668945051354434
1.11972912582231,-0.466265403214624,1.11704785400318
1.15843515588256,-0.481041915041133,1.15568143666564
0.0635434187996905,2.14681301759245,0.0632315364079025
0.137949252661492,2.25671115084833,0.13746714315954
1.18342450630378,-0.460187268156542,1.18062876204891
1.15120024533834,-0.448315917474885,1.14846401383662
0.1861472166784,2.13320152624587,0.185550844969503
0.268029994446216,2.23775575506927,0.267244690533835
1.20546521493853,-0.441154026842216,1.20262660828779
1.17395215094355,-0.428426224350242,1.17117581260543
0.307441615265162,2.11111611933523,0.306564031388825
0.396466095783062,2.20975858736213,0.395382958664703
1.23070990059487,-0.418602779455865,1.22783006020814
1.19506312081655,-0.405352938644246,1.19224972055561
0.426818316413933,2.08067196104116,0.425664592179283
0.522626302387736,2.17283681790836,0.521251600305596
1.26238199937957,-0.389105963980877,1.25944888360456
1.21851319235275,-0.374478579527678,1.21565983462639
0.543663202449745,2.04198362693656,0.542239607408832
0.645867623979879,2.12709791876494,0.644207364463641
1.30179885355872,-0.350268990180201,1.29879501260962
1.24554536215175,-0.333711403627698,1.24264474269257
0.657349687346273,1.9951652727764,0.655664012256842
0.765536528014702,2.07269514356926,0.763600269266505
1.35029970834489,-0.298771278242058,1.34720795253299
1.27919082601946,-0.280084345939357,1.27622891572325
0.767254940877015,1.94033847087218,0.765316804298629
0.881001146128961,2.00985808804407,0.878799966050483
1.40897909226359,-0.229784076149849,1.40577566074845
1.31973596138097,-0.211302501710858,1.31669665031438
0.872775504620314,1.8776295758665,0.870595920553745
0.99160761166923,1.93881329980094,0.989153127874942
1.36701022435365,-0.128613280790382,1.36387532858152
1.47711479949128,-0.137535996562139,1.4737716303045
0.973325712846256,1.80719547476522,0.970917096129985
1.09671044296435,1.85985193356881,1.09401693664397
1.41920880476184,-0.027925538791904,1.41596115109966
1.54514504891929,-0.0263946049402914,1.54165019262685
1.06839123145867,1.72935542496738,1.06576740327694
1.19565738678168,1.773299079198,1.19273995591736
1.60261740835972,0.0918911257159766,1.59898233422245
1.47093988379924,0.0789022087916459,1.46757359754278
1.15765110426742,1.64480197185733,1.15482669008996
1.28781595505244,1.67954820535085,1.28469202750361
1.64815571273104,0.215266645007899,1.64439954231959
1.51574300533358,0.18956361219427,1.51226714175682
1.240589328184,1.55411119068947,1.2375802841938
1.37254413671976,1.57902890677641,1.36923254990111
1.68131690374464,0.342522516930509,1.67746370035502
1.55070016189954,0.301918699755191,1.54713197883609
1.44920178841857,1.47222479750866,1.4457223449922
1.31620633859047,1.45694489645494,1.31303098280844
1.70199194083576,0.472380014569297,1.69806957577969
1.57598317636438,0.421380754088747,1.57234117537347
1.51717178677645,1.35968981616425,1.51354671165562
1.38425857305088,1.35404828988552,1.3809358797095
1.71022187512009,0.60362382103959,1.70625799517392
1.58991990372941,0.540390158799199,1.58622915039374
1.5758583204212,1.24204123191485,1.5721114125939
1.44357708575581,1.2470192461632,1.44012881166112
1.70621525544325,0.735053528557474,1.7022383077052
1.59198820953892,0.661612621828681,1.58827469333465
1.6246441957659,1.11995161410937,1.62079936169096
1.49328035693567,1.13571801072515,1.48973016849622
1.69033767593806,0.865579051881066,1.68637737664554
1.58501518887884,0.783389278710616,1.58130016831242
1.66297412766934,0.994185354078641,1.65905765960605
1.56413757179869,0.902985254947821,1.56045381943516
1.53345757261772,1.02081522631382,1.52982886160923
-1.3236465526424,-0.292412734357705,-1.32102291156942
-1.39788647690612,-0.207669616409501,-1.39508384752996
-1.46366293932052,-0.117169154615794,-1.46069803240558
-1.52051270401604,-0.0212845088240189,-1.51740352306774
-1.56855857399591,0.0797772812981809,-1.56532326256961
-1.6076782660197,0.184908318170675,-1.60433591896807
-1.63696338230713,0.29283777438006,-1.63353576368477
-1.65584474099178,0.402775111510811,-1.65235545201778
-1.66433627152419,0.514108738742145,-1.66080933466958
-1.66270354612401,0.626252545661129,-1.65916270112501
-1.65145161129735,0.738532993205018,-1.6479197447533
-1.63104319677786,0.850140881127987,-1.62754236400241
-1.24163364555853,-0.370728504545316,-1.23920407077732
-1.15289099782962,-0.442036043285792,-1.15066845823105
-1.21501454392613,-0.256961291706791,-1.21262707014201
-1.28727265279114,-0.182079098187017,-1.28471259241502
-1.3515702183322,-0.100671990790342,-1.34885346321466
-1.40772362750895,-0.0149234094862791,-1.40486689479649
-1.45557979996763,0.0752138658189743,-1.45260035211093
-1.49502553789241,0.169389907864353,-1.4919412513125
-1.5265792914539,0.26715788213911,-1.52340724629113
-1.54857161389368,0.366771923713794,-1.54533327707304
-1.56044257351024,0.467702551886081,-1.55716107353547
-1.56279547144167,0.569562757012567,-1.55949286188292
-1.55553875371021,0.672604405393133,-1.55223745441616
-1.60147808358018,0.960142560147749,-1.59803053548044
-1.56299620700905,1.0676323820528,-1.55962378326859
-1.54031891428878,0.776236485082813,-1.53703780154702
-1.51708847771402,0.879282514768421,-1.51384679085928
-1.51617624975228,1.17185314464547,-1.51289950837432
-1.46141959994496,1.27217143743139,-1.45825821096128
-1.05837532887882,-0.506255650747249,-1.05637105156767
-0.958905684182193,-0.563469410254884,-0.957129648906873
-1.13556027481834,-0.325785552779606,-1.13335973318038
-1.05006178632456,-0.388096143030803,-1.04806012869333
-1.11681656646195,-0.217040776287082,-1.11464215174977
-1.18551750457303,-0.152708060716251,-1.18318023573056
-1.30326678551639,-0.00489980277280734,-1.3006431204041
-1.24958294809381,-0.0770327068213573,-1.2470908863164
-1.35173424227838,0.0799166210197218,-1.34898817290564
-1.39010575013271,0.160267180344377,-1.38726034120275
-1.42288256414216,0.250638263985766,-1.41994863070416
-1.44845625741674,0.338787586953241,-1.44545042160736
-1.46293286382393,0.431602562125502,-1.45987972672455
-1.46793102064727,0.521605519436933,-1.46485290561804
-1.46557504453603,0.61519889177061,-1.46248861191513
-1.45015877401235,0.70981247884311,-1.44709431600135
-1.48482934019583,0.980343872708507,-1.48164891061784
-1.44474637267953,1.07877198111335,-1.44164634150979
-1.43637526745384,0.806960210895634,-1.43332923971142
-1.40797482715932,0.901932388380905,-1.40498175551829
-1.39907262672743,1.36823640636263,-1.39604542692337
-1.32962845525884,1.45957151379119,-1.32675310547569
-1.39740966539415,1.17373386468937,-1.39440793176659
-1.34306073069334,1.2647175523281,-1.34017465003684
-0.855148816715241,-0.613351773195882,-0.853609982178295
-0.747651368103203,-0.65557879175884,-0.746357883234252
-0.959444400914716,-0.444611691116202,-0.957651925849801
-0.864971293529277,-0.49446711723828,-0.863395739020195
-1.03708239581913,-0.27946865873252,-1.03509466020853
-0.95720941608234,-0.330005439195839,-0.955406677321347
-1.03112790413816,-0.184336358971408,-1.02914017700243
-1.16238123508801,-0.0632788691911898,-1.16008248531135
-1.08511928607576,-0.107290224255874,-1.08299992726097
-1.26336058195668,0.0776058982064336,-1.26081393329068
-1.19743248211931,0.0199547852829709,-1.19504275646425
-1.33562186720342,0.235499502259199,-1.33288801262849
-1.28070852558955,0.166654512689092,-1.27810926172739
-1.385564695109,0.401398170319961,-1.38269241860773
-1.33868204655818,0.326827325542,-1.33592747237259
-1.37865476448849,0.478702355325605,-1.37578684498065
-1.37519045974681,0.565246579160009,-1.37231803294112
-1.3668499798496,0.657534594713603,-1.3639837686147
-1.35487229699322,0.738927399593726,-1.35202255689991
-1.37381630240396,0.994579260940318,-1.37089037888562
-1.33198298274516,1.08512584250972,-1.32914278955783
-1.33250503584386,0.83254469782398,-1.32969444778677
-1.30323473964513,0.917883885385201,-1.30048076524881
-0.637131362048623,-0.689961471825141,-0.636089890533365
-1.25348939327565,1.5453925396987,-1.25078262191179
-1.17092356021452,1.62516997830677,-1.16840141786966
-1.28179395742579,1.35186271248569,-1.27904059378179
-1.21412911028536,1.43447695605336,-1.21152433376216
-1.28430502982093,1.17179821911872,-1.28156511236582
-1.23089242562156,1.25450473306787,-1.22826703508707
-0.664851095667831,-0.573268991459998,-0.663732677012078
-0.766210651703425,-0.537957489468062,-0.764861050344199
-0.868438414519726,-0.382573935331047,-0.866840627989571
-0.78178391317246,-0.424627325012082,-0.78038499833522
-0.877058030537401,-0.285856016711225,-0.875428193312368
-0.943834372638969,-0.212673196376415,-0.942045561601042
-0.978873747205886,-0.10455243156423,-0.976991773425833
-1.10051902517705,-0.00255517887404877,-1.09835016043601
-1.0211781435177,-0.0266116530363205,-1.0191906142811
-1.18729911150796,0.125718351062692,-1.18491658643475
-1.11757485692866,0.0829139005445804,-1.11535545249762
-1.247691511542,0.275090285745287,-1.24515080902314
-1.18793491360669,0.21276037640243,-1.18553833333073
-1.29909748606986,0.431071134750316,-1.2964176273535
-1.2238120617157,0.373915197202705,-1.22131131458501
-1.27862257576889,0.526869314971788,-1.27597588381125
-1.29795962149769,0.607460610337978,-1.29525779027457
-1.27022128521583,0.684045052680239,-1.26757264932978
-1.27102674598757,0.765902828817426,-1.26836569429867
-1.2650249812863,1.00640938810463,-1.26234834824333
-1.22632288603081,1.08562540604274,-1.22372634362312
-1.21414228195906,0.934108690912111,-1.21159112887653
-1.22054545591392,0.842793263207169,-1.21799053459435
-0.52416121796959,-0.716576433335036,-0.523377175284833
-0.560134995157342,-0.602179633274039,-0.559254980641461
-1.08242575419474,1.69871455426788,-1.08010305135392
-0.988711569184016,1.76583422932582,-0.986601371483358
-1.14014593524333,1.51146363043692,-1.13770545967949
-1.05992097302337,1.58259312345308,-1.05766026513634
-1.17186566124503,1.33258263195112,-1.16936878289215
-1.10660098213076,1.40620863673657,-1.10424796002259
-1.12701357350474,1.24014500523468,-1.12462957578042
-1.17564033849039,1.16743100064775,-1.17315171859035
-0.592879237911151,-0.491639485990756,-0.591911270463207
-0.685099023793476,-0.462296848568777,-0.683920986855985
-0.706797055068282,-0.367630408819431,-0.705558175961418
-0.785187370602428,-0.303374998306395,-0.7837649822712
-0.838592911403563,-0.198477857577151,-0.83703732892408
-0.88689608317072,-0.106015863758252,-0.885220121012694
-0.941429501455703,-0.00507991437752266,-0.939617790126199
-1.01942797596581,0.0789809471857928,-1.01742972680077
-1.09129034628572,0.185933819189359,-1.08911557842137
-1.13268491080367,0.310405058505928,-1.13039943104701
-1.19899059519174,0.485888561425737,-1.19653075892557
-1.1139428537584,0.429963889189742,-1.11168363593718
-1.19891390858792,0.603607610426933,-1.196438616676
-1.17698978412936,0.731203774827375,-1.17454828288255
-1.1358113263541,1.0897987932805,-1.1334227390128
-1.1554236797319,1.0038626687367,-1.15299942476869
-1.1318290487288,0.904474175296292,-1.12947020209614
-1.12016835515287,0.81797064031144,-1.11784627050561
-0.409181321113993,-0.735206442369011,-0.408658856304414
-0.453559228811618,-0.623835107447549,-0.452921293362175
-0.490703347146377,-0.516136699581518,-0.489967332202652
-0.890419328736058,1.82623055707509,-0.888533126369171
-0.974217185538974,1.64798433048473,-0.972149836088156
-0.883999481717997,1.70746272511844,-0.88213676866797
-1.03453648254633,1.47422594451231,-1.03234400413732
-0.955890439536364,1.53709938678273,-0.953874559773016
-1.06973741109473,1.31045821936002,-1.06747866438695
-1.0088488912373,1.3742972534232,-1.00672473806266
-1.04181811828152,1.23259821668138,-1.03963128593072
-1.06942485557435,1.14734786421279,-1.06718298412781
-0.526462526235747,-0.424981985228521,-0.525634192286124
-0.613441031976052,-0.371997217678424,-0.612411285141026
-0.9042764585543,0.112645238636904,-0.902532359002303
-0.680502063705686,-0.275943176187671,-0.679309884032098
-0.743307978368043,-0.188357486243428,-0.741963990246339
-0.797332286553364,-0.088150200995413,-0.795854336271591
-0.844750806331267,0.00496911408250262,-0.843154434091706
-0.96458707925366,0.204815357819329,-0.962695181210552
-1.02615905165041,0.282316510100966,-1.0241180696206
-1.02412851311713,0.384703407255464,-1.02207865368141
-1.02099945583041,0.473636080099832,-1.01894528406392
-1.08304117720694,0.551235223919298,-1.08083637332016
-1.10342276194552,0.656873896318748,-1.1011583555288
-1.05741216750302,0.747204805735183,-1.05524178038222
-1.05260784353256,1.04579565734823,-1.05041515139551
-1.06298388476867,0.960540327488603,-1.06077654147542
-1.02046675382046,0.864492470512922,-1.01836731548835
-0.788057792202107,1.87957119149834,-0.786405819022741
-0.292620834423949,-0.745643264349536,-0.292362725519147
-0.344737077220648,-0.637363470644042,-0.344345400365625
-0.392572358380988,-0.535453853411159,-0.392058706479957
-0.432248825694464,-0.415679655106698,-0.431629721656083
-0.789860649525897,1.76059541867998,-0.788212413722137
-0.692239917660811,1.80700091637164,-0.690814909617319
-0.872831760024723,1.59513929759264,-0.871003414389982
-0.786102854509268,1.64775244746324,-0.784471232215125
-0.857990138815756,1.48890684284083,-0.856204450853697
-0.935273032407578,1.43349067272469,-0.933313521987077
-0.980208581881583,1.2796485677511,-0.978159175469534
-0.912983196845063,1.33581552608334,-0.911083553643965
-0.962706265118179,1.18539142073521,-0.960706029888906
-0.961861677660536,1.09279094927928,-0.959872425133348
-0.513891167701929,-0.328892174254314,-0.513078035363271
-0.588456137753449,-0.252596318227611,-0.587466451025081
-0.83500608371159,0.215636251084148,-0.83340436436912
-0.808230711321596,0.103970913462798,-0.806703342330906
-0.65162773275429,-0.16513412291867,-0.650485555394485
-0.707605167712205,-0.0973128154981348,-0.706329087709578
-0.730332240046723,0.0123878209124767,-0.728991177926315
-0.918108846486144,0.325629321095261,-0.916306051865389
-0.933391775505879,0.444971551360272,-0.931539543146118
-0.957809095618451,0.55508152775086,-0.955888151265187
-1.00075669846828,0.651118101316006,-0.998726724383056
-0.948980396924537,0.760422473914931,-0.947055664964112
-0.808525463082453,0.326050325781202,-0.806969628413018
-0.954592209545441,0.984076716611997,-0.952630613628438
-0.89367356325598,0.864204952694855,-0.891863631666467
-0.682127325135028,1.92558057945693,-0.680718552725971
-0.234858243488474,-0.6424684540787,-0.234713921724209
-0.174502681345117,-0.748478916258065,-0.174511264459566
-0.427171902297457,-0.292449856254238,-0.426547358049151
-0.28611145047586,-0.541533519543354,-0.285836885014645
-0.336074255660361,-0.455603497248962,-0.33567550420414
-0.339522807512438,-0.356386397618971,-0.339102346366749
-0.591575624767788,1.84646625842506,-0.590381490748358
-0.696051304334001,1.69415078936319,-0.694624761505828
-0.603189229756518,1.73415961130336,-0.601974858122262
-0.777912604157612,1.54115283279986,-0.776307716506034
-0.694662342738226,1.58731797522131,-0.693246260515925
-0.766208970263021,1.43985380038389,-0.764638778834318
-0.837500643552628,1.39021553310117,-0.835770231246277
-0.885355385361897,1.23966508588869,-0.883527873094996
-0.831954054012434,1.3041520513511,-0.830243622926731
-0.864392824115585,1.15383343558286,-0.862621262351313
-0.848693851366102,1.05378099348328,-0.846967655215655
-0.731969843754959,0.276001692543279,-0.73059229472556
-0.502426115262135,-0.21552068982387,-0.501623564731232
-0.569332095618652,-0.158718889348462,-0.568372854555435
-0.708461889382575,0.154912168520879,-0.707151891318261
-0.615418059041979,-0.0573666144933946,-0.614342900828932
-0.630460770501752,0.0652379754226842,-0.629336562928579
-0.644703785441036,0.239449992936338,-0.643526543658109
-0.834837757638954,0.420136231928816,-0.833211236657215
-0.847086436151311,0.530649505838947,-0.845419214103407
-0.871672120367547,0.659484297954965,-0.869934482943641
-0.8473658887703,0.777486484690535,-0.845670592514331
-0.732022276294325,0.382050227623897,-0.730632056428374
-0.823072391359107,0.949779297782165,-0.821414819846126
-0.779825443313933,0.843590688287712,-0.778276947613197
-0.573169700091391,1.96405836635954,-0.572011742321403
-0.488337047512986,1.87883487337287,-0.487380252657702
-0.185887456971619,-0.545343250869345,-0.185837359767372
-0.12234798071135,-0.641844722526613,-0.122455582047234
-0.0562577172455968,-0.742625515736429,-0.0565312016385832
-0.426141056726924,-0.195560312953209,-0.425505951352985
-0.348801190909134,-0.24265989039157,-0.348344528824588
-0.243351840178227,-0.431378956703991,-0.243156313878907
-0.257798512012232,-0.302848347137205,-0.257552438943658
-0.140450454827211,-0.459036283430883,-0.140488046366325
-0.507844967364908,1.76766509340189,-0.506849013422988
-0.410275965287739,1.79446891209684,-0.409503998798997
-0.609068013386939,1.62741987000186,-0.607846745272826
-0.520915659294967,1.66151940341459,-0.519895612713186
-0.68674609221546,1.48672638766009,-0.68535538986757
-0.611604394827237,1.52650197117484,-0.610383922334901
-0.687303181841641,1.40126622308704,-0.68591749073047
-0.744783469125179,1.33320062081773,-0.743270976362699
-0.779147610324289,1.2218634298805,-0.77756548028572
-0.778855152183723,1.12230877140489,-0.777282414094001
-0.73440314830833,1.04085984548328,-0.732939347861767
-0.642196802546284,0.331325952794042,-0.641014472436302
-0.488718995174391,-0.103170978546396,-0.487932484539854
-0.576479543138832,0.158360067843091,-0.575464795628852
-0.529679249950619,0.0386295369244114,-0.52878360272244
-0.562323755080122,0.269403527468024,-0.561327721715656
-0.73773815287857,0.492920132377236,-0.736322350662553
-0.747072061547726,0.611295496241482,-0.745622108751006
-0.754409091837998,0.727942868038513,-0.752930140011241
-0.634960233081024,0.44095021078561,-0.633781840278427
-0.697367468007236,0.931170523747415,-0.695998128127183
-0.670468053864414,0.814175472500104,-0.669170924016568
-0.38302792776761,1.90398264398712,-0.382313676139969
-0.461742017730383,1.99488006704951,-0.460841090788891
-0.0772217657521984,-0.538095595015317,-0.0774125834746886
-0.0108343566281186,-0.632178976737412,-0.0111891856427838
0.0622273865030903,-0.729287187177863,0.0616911889525728
-0.375292923337693,-0.132767586655024,-0.374762892275244
-0.28063110713418,-0.188063141208129,-0.280318725480549
-0.157617258639068,-0.358901273565953,-0.157601616489457
-0.1849945913838,-0.245054786216475,-0.184902064645346
-0.0483627912766335,-0.42202958575676,-0.0485987701302774
-0.310989657868678,1.8144345208021,-0.310445988541268
-0.431147412384501,1.68974074145311,-0.430332737468428
-0.338847654906073,1.71136759580636,-0.338244562116259
-0.447628520128975,1.58994942545641,-0.446781445159184
-0.526405644351834,1.56007732071845,-0.525379104194608
-0.538233304779935,1.4775828532997,-0.537184826600648
-0.601503363434806,1.42177366978051,-0.600313332046688
-0.63801020910286,1.32887761134694,-0.636743138307927
-0.680159753938818,1.25311626491613,-0.678801940431339
-0.668779475282391,1.14720201823634,-0.667456339907005
-0.591660556452564,1.03512842403611,-0.590522694611847
-0.544219911005246,0.373082297610356,-0.543252871492792
-0.496147722655397,0.213782138745179,-0.49530619089747
-0.402684958818245,-0.00154932066582122,-0.402077472343295
-0.462034941926199,0.122857312869669,-0.461280192645744
-0.469343154958248,0.297089797837501,-0.468552228289784
-0.630419293065653,0.564347815916422,-0.629237868493476
-0.641107265692615,0.692428656730759,-0.639888596291715
-0.521131756944031,0.494999529273383,-0.52020363059927
-0.584774910399083,0.903489757017207,-0.583664034813591
-0.522583883874045,0.967817622993139,-0.521608661809745
-0.545345149012528,0.788996855871485,-0.544333892522803
-0.276159566818598,1.92181376921603,-0.275691781841614
-0.210500643846385,1.82747470451044,-0.210188301223131
-0.348386735129145,2.01795638823443,-0.34774769534703
0.026061259458785,-0.525709140546391,0.0256434584879454
0.180817082711477,-0.708009391033817,0.180021595938786
0.102533020161075,-0.615511488183813,0.101929605863285
-0.298305169937703,-0.0747573378585603,-0.297938927951569
-0.215303710109442,-0.136244227505623,-0.21512947972879
-0.0818880612538032,-0.297769332434081,-0.0820311300301201
-0.115888596219747,-0.187569202420159,-0.115941152043282
0.0286553517865401,-0.338549169515364,0.0282624743839072
0.0633231139874726,-0.435754576872337,0.0628384171886337
-0.245719929833991,1.7266694157841,-0.245330603590832
-0.15119141505773,1.73524411575263,-0.151019286299587
-0.358778064465405,1.61227511206628,-0.358134106226107
-0.2758147763913,1.63045097132858,-0.275360603453494
-0.38320659616207,1.53172781384233,-0.382510866248955
-0.451809087281505,1.48494540050556,-0.450958615436065
-0.497367343346231,1.3965722352764,-0.496417964401777
-0.551259245721026,1.33488816708752,-0.550190592083522
-0.570078179310477,1.23443760356415,-0.568973767293345
-0.547616445322009,1.12465738978763,-0.546571713988818
-0.463036009963366,1.02956546145896,-0.462191149188222
-0.435363686340787,0.40472474173904,-0.434637335637313
-0.306557019924659,0.0253664981624643,-0.306160154768431
-0.409737940905779,0.214345940678134,-0.409089405480854
-0.357197360950357,0.112054037031117,-0.356677619240228
-0.368097906866535,0.306560673552788,-0.367532282022445
-0.500785689569377,0.64540881478139,-0.499888449699207
-0.383238858798631,0.533777364882254,-0.382616542300433
-0.454058597967468,0.902058437618468,-0.453244207291316
-0.374249307542148,0.973890539644976,-0.373610067930859
-0.41952842085888,0.777698679929841,-0.418802479334715
-0.109344082386326,1.83353621803454,-0.109264767375135
-0.16826942909503,1.93223052054117,-0.168050692291763
-0.233654191134107,2.03319146285564,-0.233280514674869
0.140661293995006,-0.502327425291162,0.139994985608178
0.299343253679042,-0.680724361534281,0.298292727775774
0.216734825233204,-0.589871608750128,0.215884851651618
-0.20923563733941,-0.0157403571722034,-0.209059712911422
-0.137770868477396,-0.0959628245589979,-0.137763072915253
-0.0158326972869308,-0.227090995508071,-0.016111340970734
-0.0575926364000839,-0.122312494219157,-0.0577651895901863
0.0907437309572687,-0.258848720411025,0.0902265294979635
0.148599847856763,-0.376260013062756,0.147937892097468
-0.0568092102892883,1.7375406345285,-0.05685404310281
-0.184622145732677,1.63964251558853,-0.184377033252486
-0.0998177248126593,1.64640095056549,-0.0997669941614224
-0.218219531315002,1.56239993724125,-0.217900744111342
-0.294192233035065,1.52550142148774,-0.293701059445244
-0.351900571446484,1.44458285416362,-0.351281529553555
-0.414095987601396,1.39070214589648,-0.413337735934138
-0.449900305765856,1.29340049985802,-0.449066410263026
-0.45645651583928,1.16510340651198,-0.455616547119987
-0.355521617633702,1.07591330672086,-0.354917506645498
-0.324964733568968,0.412150066418471,-0.324484654392533
-0.254981867664153,0.103151037517679,-0.254690450914375
-0.307196420436303,0.208017926802324,-0.306777191747369
-0.261981494733227,0.303035264000091,-0.261652876586819
-0.160024030037688,0.0851627069083665,-0.159945226938323
-0.262997173523376,0.497804712430236,-0.262647454148961
-0.275810228629072,0.984846755991136,-0.275393024674362
-0.364728929893233,0.665612720113388,-0.364136138352032
-0.288555978978372,0.591981130624169,-0.288140629169816
-0.32526476825193,0.871135991559825,-0.32474405243787
-0.312742892605452,0.759388882008459,-0.312259161659606
-0.00806310572810101,1.83248231304831,-0.00821717437337498
-0.0599419702115449,1.93513620518926,-0.0599734075661738
-0.118134533274891,2.04046212691316,-0.118028219512543
0.416925630561181,-0.650024536902405,0.41562647110355
0.245431106076472,-0.471326638727432,0.244541361945279
0.331742515699768,-0.560908854432505,0.330647610429059
0.529873916922281,-0.618187907321956,0.528340393677877
0.641725779937019,-0.590655519739691,0.639963407365003
0.730062834914425,-0.58560527497288,0.728118488803145
-0.0908336165421702,-0.017948071041846,-0.0909198303025842
0.0410205474509682,-0.157474621415013,0.0406265033407091
0.00370977771161552,-0.0673558129892402,0.00340927017569055
0.143916729239033,-0.182561098785089,0.143294124893356
0.198157578083715,-0.271122337097033,0.197404061578201
0.273230098182259,-0.35579531939721,0.272300222033442
0.0378400129182225,1.73273506708281,0.0375775646057785
-0.00780190670083636,1.64257898480575,-0.00796233739134174
-0.0525255375317569,1.57121605760526,-0.0525859714374993
-0.133429450263022,1.54546636402695,-0.133305676936964
-0.201811132778846,1.47054114447633,-0.201534231502844
-0.270543883329577,1.42636121411841,-0.270112017328569
-0.319503086566379,1.33400974257631,-0.318964489856095
-0.340541998870919,1.19809027987817,-0.339963775152318
-0.256575163011574,1.10365467741036,-0.256193713372583
-0.184730964489432,1.01588020038739,-0.184517647010919
-0.213417146498349,0.394538474237982,-0.213187673104108
-0.189534328036888,0.20389266241581,-0.189377082936998
-0.168659193820577,0.307473964721167,-0.168537698883997
-0.0984182485110357,0.157133522241446,-0.0984678204264612
-0.0652556869863948,0.0830626654095824,-0.0653865964054821
-0.202376950857936,0.579229706983505,-0.20215561195144
-0.155959327601351,0.478009215113502,-0.155850252478433
-0.204525714747472,0.907995884537032,-0.204274726628479
-0.124652840602813,0.947836929550696,-0.124579298144973
-0.237355086850832,0.683242304598987,-0.237046883536079
-0.217933676509598,0.803133540991379,-0.217659902405889
0.0927529313371498,1.82429585787208,0.0923665772567625
0.0482272790871529,1.93048015584381,0.0479460141778557
-0.00242292664883596,2.03967514266611,-0.0025844739548189
0.79328720716784,-0.536772608839117,0.791225799418373
0.88355996063542,-0.506424641713603,0.881324727868166
0.961545609525037,-0.477209508572613,0.959163436350174
1.02969823572487,-0.457091466035009,1.02718832167916
1.08234857541854,-0.442228872839054,1.07974096518797
1.12262884532871,-0.430710563396376,1.11994739938846
0.450470956229189,-0.53075318060688,0.449126653002467
0.361583665851221,-0.442568216401022,0.360447682728799
0.572798985095665,-0.502425244293872,0.571201195055364
0.698996514607331,-0.489643703857484,0.697138493050445
0.0288143648618869,0.0329475080621272,0.0284706699343642
0.100109024777643,-0.0702739722631302,0.0995967870217603
0.196850514588427,-0.0971180971018415,0.196123840585023
0.229007451073103,-0.188891775905949,0.22819879468265
0.303669498894688,-0.245426930615391,0.302691147514697
0.381938802577464,-0.32806809276258,0.380779186336208
0.131359318271395,1.72123336261124,0.130881918990784
0.0759645495040543,1.63794451660323,0.0756120534861388
0.029418008654325,1.54283454531883,0.0291691723932499
-0.0496519070306009,1.4799591110696,-0.0497223369827378
-0.123823773154968,1.44318041905967,-0.123726343885414
-0.185312458259851,1.35717076342522,-0.185078776285107
-0.227645958029514,1.22493943487442,-0.227322945598608
-0.15520017303398,1.12225752719199,-0.155047381153791
-0.0917017589454415,1.02880586328004,-0.091697781322465
-0.106481730952193,0.371240998932096,-0.10649223609733
-0.0732545026372394,0.257475885481818,-0.0733494409807932
-0.00402272386503956,0.156073750342939,-0.00428075487070949
-0.144268762597864,0.643901879217258,-0.144172157500594
-0.102130569231184,0.562509786233133,-0.102134420827098
-0.0483525423204002,0.46273125280908,-0.0484841187416579
-0.0411347804504099,0.940334723252866,-0.0412496985611655
-0.102959410339764,0.846858262728192,-0.102941032028683
-0.130878300940396,0.739448465141078,-0.130804583713175
0.192443897702299,1.80926920926686,0.191827981973593
0.155666284240859,1.91831832694994,0.155136965418486
0.112890258584864,2.03083135649728,0.112461797715766
0.801636265721367,-0.447181860138138,0.799577403831342
0.898653287101409,-0.423145582672839,0.896404708619422
0.977468822547764,-0.410255910431899,0.975067588222774
1.04288262259363,-0.401527913720971,1.04035623598425
1.0949643700496,-0.398234624765434,1.09233918053902
1.13193688603619,-0.396925142920857,1.12924220566621
1.14928754524751,-0.421094998483504,1.14655774216702
0.0997926942011525,0.127386272101681,0.0993035023916289
0.492244308438223,-0.395758557112,0.49083765356727
0.623023263378818,-0.389308898534425,0.621342593689642
0.729867440623658,-0.37409455204595,0.727968351933656
0.161941186898324,0.0174866333559435,0.161304199678213
0.261198784464071,-0.0310520424723327,0.260340324729139
0.310358146484651,-0.126410794838782,0.309381749071838
0.397199921790954,-0.21219111875634,0.396025271155641
0.467661347548771,-0.276264762520539,0.466326848323562
0.223642129629138,1.7038588555364,0.222952789264837
0.165726597364893,1.61901093386518,0.165168185248405
0.112371634762994,1.55720451402427,0.111933673896516
0.104601139064776,1.46716354102915,0.104178382041694
0.0251345097120113,1.44088765214236,0.0248920335601173
-0.0489141735592284,1.36276458463049,-0.0489909904326152
-0.108904435616837,1.23517237227913,-0.108850671121767
-0.0547744791259625,1.12540792419658,-0.0548488235772161
-0.00850046449929452,1.03688416201217,-0.00868372206239881
0.00360819968796106,0.352723377488785,0.00335212220578724
0.0537665026005739,0.242295838295952,0.0533897224848017
-0.0484532409253022,0.65498542141828,-0.0485698565436962
0.0154130559669501,0.550669369963144,0.015146709784637
0.0637836874768663,0.445714440634303,0.0634022371215287
0.0150268427235932,0.866686187048463,0.0147816692852182
0.0404971450393978,0.956826331242164,0.0401995964903333
0.00462552893406714,0.753267401612093,0.00439690708617529
0.0813684720572345,0.812759556687126,0.0809718345486882
0.29042823754873,1.78771888329112,0.289586919401318
0.261799793121561,1.89881054112085,0.261025637780933
0.227202652639478,2.01400798261605,0.226509738295452
0.834179088799782,-0.350766675869732,0.832071597397545
0.926271112460207,-0.345554227846256,0.923980278810837
1.00518961845058,-0.34707632840007,1.00274344128488
1.06754772454438,-0.353339994538989,1.06498020656554
1.1174020811618,-0.361152085608962,1.11473866409687
1.15052194439062,-0.373845037963058,1.14779483731177
1.16371522119149,-0.399379350683921,1.16096090389932
0.165646609885406,0.217738979462408,0.165021839154508
0.198122008034496,0.124628053895707,0.197417410043194
0.565742474115695,-0.289002858364721,0.564198592840315
0.671835960764788,-0.277865820687521,0.67007200819029
0.774652078830762,-0.266174399170893,0.772677838798308
0.274766620939262,0.0658797974908992,0.273889298473869
0.356587339363447,-0.0159749816069683,0.355524379618464
0.428800450039672,-0.09306348841412,0.427573597639335
0.505426650720357,-0.182888604655462,0.504025307049392
0.313156280742777,1.68155561142563,0.312261607794562
0.24900119378123,1.60400786317046,0.248252114727267
0.189991423666077,1.51784457696061,0.189375331480036
0.17491407177032,1.4218892918459,0.174330007232209
0.0902192781847499,1.35171637065072,0.0898256480678013
0.00993950543573261,1.2312652296074,0.00972351361880103
0.0466993920721574,1.11624410258123,0.0463953408962022
0.0673916070050762,1.03406894770369,0.0670372620551118
0.132631054073042,0.336027405112035,0.132088974053161
0.230536632449486,0.283924964894528,0.229775504450011
0.119734902981964,0.985871899934035,0.119260739342358
0.168357958366277,0.435297522372094,0.167744846763282
0.0690463928015445,0.650356359939233,0.0686676602046051
0.148944236511165,0.542753570145692,0.148381332742986
0.111459354686661,0.890207442178763,0.110999357696335
0.118601028689235,0.733808017036603,0.118116975330383
0.147257636717107,0.813994549805744,0.146713901671302
0.386400620618152,1.7594600298645,0.385338845770576
0.400611926086622,1.65149001359898,0.399516934865666
0.366118504913217,1.87208528799849,0.365104015767481
0.339937199008108,1.98933350867465,0.338983800360012
0.875468122588452,-0.249140724600944,0.87329115031495
0.979572070491545,-0.279757499623554,0.977183917111827
1.0413969709225,-0.305332246362876,1.03888506905086
1.10267104995279,-0.305490032499252,1.10004083731736
1.15597369934522,-0.337427740604775,1.15323955627259
1.18087407988335,-0.369525926179394,1.17809066730155
0.282446611630053,0.187990705968123,0.281564151580461
0.615994237569299,-0.174019646296275,0.6143607905953
0.721785924151281,-0.173678853018488,0.719931976440813
0.817392048619154,-0.17225610404237,0.815341400324363
0.891132293666513,-0.165284093581394,0.888932088096678
0.375861048452991,0.104137602143697,0.374768556665745
0.460001226302985,0.0225622920103261,0.458720070472377
0.556995940632254,-0.0519223576023906,0.555500649435124
0.335779099501583,1.57761293841087,0.334831495149016
0.273210286371644,1.52124283635614,0.272404547393932
0.250115196198339,1.43439272423655,0.249360409820232
0.41448363123464,1.54991957870022,0.413356314296157
0.223075532304018,1.33410821822742,0.222379893403129
0.141860940869058,1.20402756383848,0.141345342820877
0.138527135824678,1.07451819650518,0.138014355609064
0.2427179434429,0.374495386385846,0.241937022670363
0.32807451194218,0.302845459089929,0.32710183279488
0.179230238084606,0.941344294788523,0.1786207625794
0.205033583938979,1.01709465606163,0.204369169070365
0.253712852531045,0.477496711213777,0.252914667228373
0.182871283742711,0.656530978243113,0.18224008219593
0.267890592463071,0.575338345884777,0.267066864661713
0.202943163131841,0.86828538123052,0.202277600654204
0.225750709563234,0.765759269294993,0.22502981125256
0.488640766927815,1.61678706626488,0.487344580242598
0.480518124943721,1.72474645691228,0.479240571554293
0.468227803871022,1.83828414067392,0.466978482765541
0.450538956880062,1.9569530226493,0.449330423336333
0.96014472060154,-0.198569232014409,0.957802769883927
1.05200398378446,-0.240997396748236,1.04947694297468
1.12158384911055,-0.249850916203008,1.11892106563546
1.16200977365715,-0.28910553846538,1.15926746917961
1.19650435745392,-0.3305728527676,1.19369469862776
0.943601347477123,-0.121013000965306,0.941298281659209
0.404118828109585,0.216779933942937,0.402974619481019
0.864762363142068,-0.0961452698228555,0.862621388991225
0.674394737891032,-0.068711829959611,0.672650397079238
0.776552312164245,-0.0831136979252887,0.774593959304202
0.491066408933331,0.134295559136236,0.489728434680713
0.550696478566747,0.0579013490246281,0.549224804794883
0.639991498715238,0.0340286403308811,0.638328420807961
0.342736918767851,1.47292024893156,0.341772168233134
0.30605703141844,1.38589960616638,0.305174272171812
0.492602441064126,1.51403306821285,0.491297104375165
0.426632309009509,1.46624739294751,0.425476752602001
0.318979952974416,1.31392806246133,0.318066628956919
0.278701644009514,1.2270255637052,0.277877579782201
0.235590386331492,1.1183884017256,0.234860621714841
0.428955146671369,0.32787431730509,0.427764651270761
0.342753164760648,0.40442733468033,0.341755190578503
0.255391802814059,0.942533426633454,0.254611920675892
0.301945898905011,1.04022098715565,0.301064808821309
0.356558441501039,0.506655202296209,0.355535991152734
0.30550751627196,0.672186571790832,0.304605465421412
0.359748789383618,0.596407192477069,0.358723649228839
0.298678714477314,0.855897428254738,0.297799166367612
0.347741983666089,0.766004368774051,0.346750171637254
0.571809040152084,1.57655919757049,0.5703232567859
0.567830947531208,1.4773465556298,0.566354635671955
0.571819664769574,1.6839738574161,0.570333299578408
0.567555012740096,1.79760794948272,0.566077773862251
0.558422266660487,1.91700652893262,0.556965355116882
1.0211608639577,-0.147549908833713,1.01870054924495
0.996332372061184,-0.0790220292735684,0.993924985759611
1.10438211320773,-0.184174254689619,1.101755767396
1.16849019861131,-0.224043760281581,1.16573818522163
1.21488281365466,-0.277759483030372,1.21204107183578
0.928341174593793,-0.0404797746422355,0.926073544660129
1.00998802224631,-0.0070878203075433,1.00755509576261
0.518474676463169,0.242306641757445,0.517085334585389
0.841042850185045,-0.00694972345848343,0.838956482152573
0.742870649088659,0.0154803152354259,0.740989898844672
0.611500436831943,0.148719268120123,0.609905945115153
0.703491277156865,0.102704872151536,0.701698829578694
0.395562690803836,1.37471712483434,0.394476806592991
0.48777596215459,1.41964683265828,0.486481369512558
0.389641610411115,1.25844549635309,0.38856769360335
0.347716379892464,1.14838418697677,0.346735061501392
0.534969391008928,0.35607817509094,0.533550642073689
0.446499647464135,0.437196680099727,0.445276978353906
0.35734391018593,0.9553221047841,0.356336566039396
0.413463903399208,1.06369443459404,0.412333371267187
0.463819321579446,0.558588703224816,0.462564053911381
0.416793567411668,0.668110031439243,0.415645607025946
0.409175355193544,0.864532854972778,0.408050171016642
0.46295272157791,0.767715397448242,0.461705828893175
0.565353977983596,1.39583570151529,0.563883524059318
0.639275306374735,1.42595042893631,0.63763719234034
0.65088562893126,1.53000776333159,0.649220152808716
0.659087193918235,1.63685443434404,0.657401855122782
0.663307955348518,1.75009242852998,0.661611632668017
0.662950477948837,1.86958865520255,0.661253551276544
1.07869109282741,-0.079238455052785,1.07611831196804
1.08260717820847,0.00695984704011731,1.08002709380377
1.17398550132713,-0.141291731127048,1.1712238887319
1.23755637274583,-0.209040040522915,1.23467241956987
0.925580523458025,0.0464428407360249,0.923321843630962
1.02325456878976,0.0746959319262533,1.02079541908038
0.625159329217042,0.274237816654598,0.623542470949321
0.813707169089115,0.11078253726694,0.811683388221415
0.722338058093199,0.200768628944,0.720510646271532
0.504272027107174,1.3116924698488,0.502939696836623
0.466970722589188,1.18255246681597,0.465721658643881
0.636686201955461,0.387454302744877,0.635048974772816
0.554040969723122,0.467398684288529,0.552585442509938
0.473525080225023,0.970653202816698,0.472258739095601
0.533304723669921,1.08506638445773,0.531906016897844
0.578467045912548,0.564307677885457,0.576961202824704
0.538403100046578,0.670414262070052,0.536987537990546
0.514810249038605,0.871604744745572,0.513450554066813
0.557169604546504,0.780024660177207,0.555714749484766
0.617836214893478,1.32766852535691,0.616247338919209
0.70908495937573,1.38154230251738,0.707289270455003
0.725461559418794,1.47944074210372,0.723627265535849
0.741844364474958,1.58358702748675,0.73997105264815
0.754818201585915,1.69568738224376,0.752913259528405
0.763495627303436,1.81474001347766,0.761568619209419
1.13116287272936,0.075446994364466,1.12848317500247
1.18028263472948,-0.0291355087320886,1.17750695505818
1.26492386031795,-0.122874456517521,1.26198509894432
0.937147718446145,0.147696257403695,0.934867131908667
1.05144990792026,0.160584528465118,1.04893195983166
0.721430695461357,0.311476614073791,0.719609071822192
0.845156966778239,0.245396511077452,0.84307076641833
0.728254341586046,0.405087064216708,0.726420304925609
0.601145167106803,1.21112698961462,0.599594427206235
0.648495514302265,1.08514683377641,0.646839045856561
0.676414169203566,0.500222389590884,0.674693841319175
0.603134629343308,0.962457640347809,0.601579458950539
0.66074897410113,0.625231277573316,0.659064502666527
0.639784467380414,0.732281539851636,0.638147019172967
0.626502147450757,0.844690690805616,0.624894672399144
0.706048187588089,1.2849300003818,0.704260676745661
0.773754674129694,1.34339081044534,0.771813422667365
0.792134297359703,1.42787322700235,0.790149726521593
0.819243608696037,1.52412718868006,0.817195329293035
0.841529117480055,1.63430451226772,0.839427388351485
0.8594769369295,1.75248673955538,0.857331209647617
1.16125294351135,0.180262114471423,1.15850742688624
1.23210240666736,0.0777206725852381,1.22921775542545
1.30213607184019,-0.0262115315738283,1.29911864573787
0.980252060211876,0.244212590720253,0.97788141035308
1.07565381323626,0.241192551352837,1.07308357587362
0.816323480271175,0.367495921176569,0.814300090837396
0.924898279318025,0.335343338863133,0.922643625514029
0.787126040824499,0.468059709327762,0.785165940581309
0.723988836732317,1.18495730185955,0.722162311157085
0.707780152270494,1.00340255083323,0.705991936818964
0.757253473334333,1.08379294735515,0.755353925389925
0.78217885767928,0.582710877250489,0.780229622159295
0.712474429829508,0.911744310547766,0.710676507257594
0.749245547141725,0.701450996527527,0.747367792532476
0.731853980132601,0.810375547890365,0.730013906409095
0.802168371918198,1.27301796940023,0.800164499769868
0.851552276195178,1.35322225970149,0.849435039408142
0.891333375698854,1.45353279466221,0.889123243255466
0.923084063558679,1.5652954351446,0.920798321807963
0.95041109823044,1.6828459352039,0.94805922540935
1.14726744277164,0.285826906661278,1.14454559741875
1.22503226218128,0.249206418929099,1.22215046139027
1.27767605685147,0.166171498898142,1.27469201516967
1.34928375002474,0.0735628385661457,1.34616305753471
1.04721653496149,0.335060796658593,1.04470297371798
0.887241495512286,0.437805862192137,0.885066295569044
0.974465840625142,0.414502429535762,0.972104534149547
0.857378303478325,0.518223631434543,0.855266590711279
0.822785069304249,1.1751301956868,0.820737065483426
0.791745203790124,0.982843238611699,0.789770467086971
0.848831159941317,1.07346773728586,0.846727334356477
0.857335017942216,0.675081898390729,0.855221223769629
0.887006690410883,0.590708456387736,0.884829875430523
0.823657242683532,0.884580431309632,0.821613574719155
0.833914186091531,0.780511500045592,0.831849856192741
0.887186320626144,1.26060294268408,0.884991339073231
0.962736756969542,1.3609156073557,0.960368005161328
0.999550918414059,1.48935322783139,0.997093879033069
1.03610935474558,1.60624626705068,1.0335644815198
1.14185023694662,0.369752154695217,1.13913519519202
1.23836206967666,0.338478379505713,1.23544556727592
1.31979015520892,0.262632265088112,1.31671009284279
1.39363754548205,0.172720338453423,1.39041518023283
1.08612794886197,0.454596202581072,1.08352687752484
0.963257052113547,0.523210122772629,0.960916991620705
0.903623008685047,1.15723563152003,0.901394293092712
0.928407283546299,1.07899398010004,0.926125688362786
0.901574639773558,0.980223376892784,0.899355966321428
0.919213231907772,0.741431670273619,0.916962700395069
0.974898786304566,0.654328220792552,0.972529420266819
0.933594533067103,0.856596828744362,0.931308877711651
0.981977387332092,1.24122055438958,0.979569788859564
1.05163799991847,1.31384982712484,1.04907035639932
1.07626144705144,1.41441364159108,1.07363349259948
1.11719688965833,1.52450313315678,1.11447077899837
1.20090787140451,0.433973789522654,1.19806343197129
1.28584456963859,0.416981691649504,1.28282101283771
1.34788683806149,0.35094682248731,1.34473869173595
1.42799073957177,0.277661370235115,1.42468355002445
1.1760495552311,0.516482499696528,1.17325249113174
1.09917377710196,0.589176072650382,1.09653787979886
0.996579266275836,1.13793803321382,0.994143076289231
0.993259290920702,1.03632154196736,0.990834725368969
0.990617841611521,0.949391454534308,0.9882026972545
1.01606695847127,0.777440419952627,1.01360292444739
1.09661185265643,0.709602007552874,1.09397499616493
1.05011817966037,0.882598694130261,1.04757442465127
1.09007711996009,1.21612022785956,1.08742760725742
1.15098403699777,1.32681357485075,1.14819138578587
1.19293941068633,1.43747551026657,1.1900456030558
1.27727821164898,0.507504317838712,1.27426473718884
1.37098999634738,0.450167262706792,1.36778188363365
1.4582936527136,0.382532538709337,1.4549083944228
1.2195906480442,0.594567317998671,1.21669418419306
1.17768135270433,0.671446930636464,1.17487019768991
1.08213203933816,1.0977360677764,1.07950635479394
1.07447255965286,0.99140342218459,1.07186941964744
1.12460809343202,0.824782163111159,1.12190331554396
1.19653750416106,0.760416904412211,1.19367899577894
1.15077754083962,0.933499557956358,1.14800838078889
1.1616557738126,1.15233918892257,1.15884907130889
1.20553225358051,1.24163758737183,1.20262152088949
1.25915974854909,1.34244860733094,1.25612154164394
1.3080466578074,0.596440111868624,1.30495879119392
1.37975079591682,0.543726326181739,1.37651354056197
1.47542809857546,0.492046522164259,1.47199138626526
1.27936928097225,0.686306459104645,1.27633561203703
1.18061690775324,1.04935180727304,1.17777415974676
1.29088006963642,0.784084548321606,1.28781282068309
1.24177703447121,0.868802351439689,1.23881110881248
1.23966128109247,0.972060897270839,1.23669234937575
1.258271308612,1.14581565887877,1.25524836738257
1.32023442433015,1.24596273773056,1.31706488549567
1.38433739692015,0.650022327002244,1.38107865741605
1.48379178237478,0.599352780166998,1.48032292171829
1.37856941905756,0.74712023352801,1.3753132144327
1.2973486900954,1.05260776765428,1.29424517492988
1.35894768943621,0.856019198988075,1.35572407875266
1.3310667791105,0.949987596828379,1.32789654197206
1.37070448122638,1.14447984235913,1.36742927918268
1.4816201753093,0.706969321524305,1.47814260942797
1.46880638137278,0.821731435362557,1.46534363630148
1.4115157896823,1.03975586230122,1.40815826713063
1.4442134474041,0.93221986753738,1.44079344104862
