0.951969189864475,-0.390525042033574,0.892158893361521
0.954338093783345,-0.389878466384088,0.892158788706352
0.952450175825414,-0.388052326551769,0.89215856913897
0.956829207756229,-0.38861779630782,0.89215820530364
0.954536206117453,-0.387088057558732,0.892158196189316
0.956527283714562,-0.385381358907167,0.892157130688418
0.959493968177525,-0.386540005501868,0.892156773656079
0.950645778242695,-0.388742072379648,0.892158588726413
0.949538071752082,-0.390680099881489,0.892158629983149
0.9584715006313,-0.382632420463223,0.892154747503071
0.962265192692326,-0.383487141770911,0.892153818702837
0.954337978163823,0.38987851064493,0.892158792018249
0.954348761312046,0.387209529457263,0.892158259259216
0.956829090466334,0.388617870610878,0.892158208625563
0.952672855194235,0.388413621879375,0.892158671048957
0.951969080253827,0.390525060276816,0.89215889659954
0.948683437282751,-0.388171912476351,0.892158033838081
0.946820555159169,-0.390300271798019,0.892157871687055
0.960246766132812,-0.379152007739895,0.892150561234495
0.965089044629957,-0.379323771271783,0.892148224304249
0.956412173909794,0.385409893250212,0.892157171733853
0.959493859491128,0.386540106733016,0.89215677681637
0.94953795908738,0.390680095859448,0.892158633075387
0.950757402115229,0.388381539388095,0.892158519511442
0.946134635611975,-0.387096350208647,0.892156694418369
0.943690778013156,-0.389211838696063,0.892156225210423
0.961892314267878,-0.374124827317029,0.892142338030093
0.967943828587225,-0.373890526319337,0.892138212773577
0.958263988447926,0.38268952534955,0.892154857604352
0.962265093930818,0.383487268054207,0.892153821965647
0.946820428903438,0.390300241459162,0.892157874700832
0.948541456431057,0.388048107844004,0.892157957832695
0.943550504562607,-0.385358032249978,0.892154260370256
0.94016020829459,-0.387241007970023,0.892152980168868
0.963595376048933,-0.36780753834664,0.892128085152978
0.970825204579192,-0.366980243186606,0.892121029218987
0.965088994147669,0.379323856000818,0.892148227632014
0.960079425623861,0.378945360767111,0.89215036776443
0.946135432266539,0.387147622280074,0.892156722253902
0.943690634253183,0.389211773849004,0.892156228423104
0.940748361561115,-0.382476763842609,0.892149557707434
0.936240451626679,-0.384245041340643,0.892146953594061
0.965146385928509,-0.359988973311122,0.892104534491531
0.973735130321363,-0.358323236938501,0.892092473095945
0.962013768435436,0.374062927257841,0.892142180045234
0.967943763242637,0.373890666040717,0.892138216458278
0.943391495659812,0.385192544549607,0.892154041047849
0.940160048360403,0.387240902299888,0.892152983139792
0.937503399352737,-0.378498337292801,0.892140944212084
0.931901217699083,-0.380073612926042,0.892136238818097
0.966563696944659,-0.350171957193716,0.892065738531769
0.976674638010637,-0.347578000770319,0.892046239571255
0.96362706185329,0.36779266152356,0.89212803727512
0.970825202325005,0.366980249207347,0.892121032676867
0.940600756015317,0.382577468665272,0.892149544876096
0.936240398122707,0.38424499516934,0.892146956725597
0.933919576633997,-0.373151072086664,0.892125847421138
0.927074811805053,-0.37453994819599,0.892117827025232
0.967658684859085,-0.337947158741133,0.892003283927172
0.979640596521089,-0.334317795891007,0.89197300958215
0.965127826819709,0.359942184413991,0.892104389474081
0.973735096417925,0.358323348653661,0.892092477050607
0.937507964269637,0.378490134445825,0.892140939119815
0.931901054802542,0.380073441161979,0.892136241364508
0.930082518909516,-0.366463374044853,0.892101297561496
0.921660765661933,-0.367404589951137,0.892087019493079
0.968285106701936,-0.323884663211558,0.891912380833034
0.982623153053451,-0.318014559403485,0.891859279513055
0.966511407301061,0.35034128254027,0.892066510926331
0.97667459716543,0.34757816566008,0.892046244011189
0.934019370572984,0.373137202477043,0.892125961073515
0.927074648290387,0.374539746570847,0.892117829214289
0.925759132878572,-0.357720110869494,0.892059918124284
0.915524848935179,-0.358365043432933,0.892036509395176
0.968767641338192,-0.305782312751343,0.891766313932476
0.98560298479598,-0.298020171329514,0.891686064545152
0.967413093800184,0.338624780211834,0.892007221610123
0.97964058507393,0.33431785236286,0.891973013562166
0.930208257432063,0.366331339363634,0.892101105894395
0.921660562367138,0.367404305975695,0.892087020825624
0.920989912983665,-0.346872966501427,0.891993820008218
0.908491383732609,-0.347046149489891,0.891954930951753
0.968615752421842,-0.28384421444093,0.891548023806884
0.988548338636563,-0.273539882754025,0.89142799933731
0.96778678188064,0.323619866188996,0.891910545631251
0.982623119843589,0.318014759970415,0.891859282858809
0.925736261215459,0.357487261225822,0.892058865676044
0.915524634586482,0.358364712646575,0.892036509929848
0.915704305542492,-0.333390563309412,0.891889027977042
0.900328379181708,-0.332990194843133,0.89182451143166
0.967989374846029,-0.256158223580815,0.891214686183116
0.991410049999423,-0.243602093690298,0.891054367057645
0.96740699517063,0.30484994770155,0.89175763506754
0.985602958101569,0.298020369941749,0.891686066667926
0.920831329292548,0.346496121007486,0.891991227280776
0.908491166407786,0.347045786878063,0.891954931506241
0.908939600147071,-0.316370342146785,0.8917172733981
0.890722187383174,-0.315647103880149,0.891617113866917
0.969129624162147,-0.190149324208847,0.890246984684293
0.993944128078644,-0.209637441717945,0.890574681048053
0.995953599884562,-0.174736196514544,0.89005262330808
0.966591049178357,-0.225087780987538,0.89077657892213
0.988548313422145,0.273540116694912,0.891428002593804
0.966421423681183,0.281931573358958,0.891525264505924
0.966859080600186,0.254509517717368,0.89119133013787
0.99141002336375,0.243602408291626,0.891054357525701
0.915708763776976,0.332937723991222,0.891885681894126
0.900328097028157,0.332989696018183,0.891824512362897
0.90131401808347,-0.294569542662382,0.891437072206985
0.879234919276085,-0.294367969136391,0.891287102692168
0.971120223321977,-0.0871244048317859,0.888780784848721
0.998615820522635,-0.104868516100794,0.889082690917432
0.999393879573775,-0.0699174427561796,0.888719682433666
0.970094658313963,-0.121222780208311,0.889201664540903
0.997485309674307,-0.139809681280565,0.889540838164729
0.969570217593489,-0.155371069852872,0.889702951951796
0.971867442265581,-0.052587854337746,0.888470156303317
0.999849624609414,-0.0349600882062967,0.888486447960234
0.97187220641732,0.0167204231313701,0.888298305029099
0.999999673153051,-4.70262393199714e-14,0.888406007818339
0.999849627497293,0.0349597518235033,0.888486438134747
0.972142179133912,-0.0179565164954757,0.888303748998753
0.971403834516707,0.051502250663033,0.888458505070671
0.999393890061433,0.0699168449618001,0.888719666083704
0.9674241716045,0.222262571303615,0.890736704235137
0.993944113344438,0.209637666754961,0.890574657700387
0.968433601167952,0.189104650542044,0.890227900358547
0.995953592400096,0.174736345465454,0.89005261625106
0.890721884138714,0.31564654743233,0.891617114834842
0.909815158329049,0.315546411443736,0.891713279097621
0.890478806282916,-0.269618957458446,0.891006649859653
0.865230505115082,-0.268410529112044,0.890757597379213
0.969327630353283,0.155321571412523,0.889700935831613
0.99748529904051,0.139809962477531,0.889540840613825
0.96999688090238,0.121434485490253,0.889203952091513
0.998615828202745,0.104868232788523,0.889082676058977
0.970763165490792,0.0864055444371616,0.888770100107005
0.902380693680264,0.295537946528161,0.8914553623215
0.879234482748038,0.294367156559224,0.891287107936847
0.878513842897613,-0.241349794968843,0.890380394139258
0.848870688416835,-0.238961110591582,0.889953648250044
0.891415798227839,0.270000142882347,0.891020458803176
0.865229968591817,0.268409543543729,0.890757565659409
0.862400643682891,-0.21050236087789,0.889454091653796
0.831107864353095,-0.208851687634394,0.888841958639918
0.878499766308488,0.242028081374495,0.890393807334281
0.848870052093608,0.238959993304264,0.889953592665136
0.84467848084605,-0.180236124065157,0.888235163853795
0.812176021489498,-0.179464938999088,0.887362804492893
0.861173087512443,0.211385793342646,0.889455911441127
0.831107175897377,0.208850565808813,0.888841867351778
0.825969093943835,-0.150085855771248,0.886636055130645
0.791703286080277,-0.151132913783622,0.885388386719825
0.843287528643787,0.179866763343505,0.888189399720189
0.812175268306405,0.179463829833555,0.887362688894649
0.805724202565186,-0.121442766530511,0.884582921738442
0.769316871669309,-0.124291905253465,0.882730387126253
0.823699900712582,0.148352153634889,0.88648798093838
0.791702480302461,0.151131870404685,0.885388223248519
0.78487369321311,-0.0909606422022961,0.881848145475919
0.744681844884092,-0.0995051148106163,0.879111424780333
0.802803150014118,0.118018119892124,0.884275497696496
0.769315955764202,0.12429089344872,0.88272984347259
0.754165480356403,-0.0625868235457599,0.877554669771252
0.717591986935169,-0.0774357800452399,0.874141299196457
0.744680836108828,0.0995041959028823,0.87911217539956
0.779766514815273,0.0854653808811906,0.881182117889921
0.688089719482451,-0.0587193825118923,0.867272051074786
0.719481029497309,-0.040752488108237,0.871583377290133
0.717590881385616,0.0774349805743551,0.87414285578172
0.750213112976057,0.0581397250374015,0.876863422913333
0.68523258673422,-0.0268517247214233,0.863959426554699
0.656526634916155,-0.0437408700701345,0.857762113830451
0.688088524914709,0.0587187239169662,0.867272606632663
0.718240455489362,0.0387632707615807,0.871265948379914
0.653801060953927,-0.0186659735515593,0.854741610010667
0.625902323718895,-0.0331558394705733,0.845752424931319
0.656525370268013,0.0437403594870749,0.857762121975185
0.683976712717241,0.0225741685113678,0.863438445346947
0.599368821878028,-0.0264324191397495,0.83253788269831
0.61083464905361,-0.00995829908604827,0.837092798617586
0.6259010159525,0.0331554571211521,0.845750543318706
0.650525592698038,0.0118445186031899,0.853356191506374
0.586642075493706,-0.00857428123503206,0.823964402237775
0.577136026491929,-0.0221713496636889,0.81907067234886
0.619608222793676,0.0103528176123057,0.84120969604037
0.599367491931599,0.0264321299344881,0.83253617081894
0.56593874788528,-0.00735576066682339,0.810464340626613
0.557910595093293,-0.0192955807910757,0.805457814423441
0.594082239605222,0.00788369612454297,0.82825043985885
0.577134685228598,0.0221711247967077,0.819069455091956
0.547803112886036,-0.00644765148615379,0.796793365822919
0.540925612081483,-0.0172663085383533,0.791819153055034
0.57249196804817,0.00658844502157479,0.814935053680404
0.557909308453262,0.0192954101131738,0.805456758140237
0.531560258005468,-0.00577494668017698,0.78303635435339
0.525485374656059,-0.0157680946585719,0.778079461608118
0.540924586015775,0.017266198683353,0.791818330644376
0.553650595655019,0.00576510923474629,0.801363789219778
0.516739756767224,-0.00527211031729603,0.769234365371707
0.511322751628575,-0.0146383051766609,0.764361167632462
0.536833510190291,0.0052404943307654,0.787638817768259
0.525484052241709,0.0157679788756398,0.778078345315565
0.502998831978584,-0.00488973893850028,0.755396364292359
0.498011032004436,-0.0137575555496501,0.750522307303515
0.52157354544032,0.00486291277051528,0.773851142664549
0.511321565420248,0.0146382192983679,0.764360121061998
0.490093261888876,-0.00459325586530725,0.74152482187018
0.485485546689108,-0.0130658950412643,0.736703594919464
0.507496213801366,0.00457456793032273,0.760023468976887
0.498009822406911,0.0137574826774894,0.750521168163683
0.477853238632492,-0.00436010597354698,0.727629819926338
0.47352882235417,-0.0125121215449769,0.722834733764327
0.494328067187686,0.00434729761109267,0.746160223068703
0.48548424065483,0.0130658291627455,0.736702274616083
0.466133183009608,-0.00417379618015774,0.713697163963726
0.462010086168009,-0.0120633841253213,0.708892770116797
0.481881117185845,0.00416551574043743,0.732273856342377
0.473527573978699,0.0125120686310595,0.722833406643064
0.454840849409288,-0.00402344469705174,0.699737475572431
0.450913036786145,-0.0116989914557933,0.694965528280742
0.469996093892586,0.00401792361954732,0.718350812576617
0.462008840449129,0.0120633396643139,0.708891377440188
0.443900121455082,-0.00390123822728395,0.685754639719439
0.440121350876371,-0.0113998913532517,0.680996402125592
0.458568816305717,0.00389737475708902,0.704398867045038
0.450911740304303,0.0116989524099177,0.694964007155273
0.433237940102776,-0.00380103475427032,0.671734841559814
0.429563709654666,-0.0111528955415857,0.666963209511449
0.447518745536508,0.00379843681186956,0.690424930179785
0.440120103751088,0.0113998596423454,0.680994886040014
0.422809219850281,-0.00371848332586115,0.657684015783108
0.41923538141078,-0.0109490249572791,0.652918926645491
0.436767784950454,0.00371665082255311,0.676415556276277
0.429562599540353,0.0111528717204413,0.666961824994562
0.41257970786048,-0.00365034952880427,0.643610593007367
0.409098013117738,-0.0107803156813056,0.638862419950485
0.42626456568299,0.00364893303912809,0.662373420045747
0.419234372146658,0.0109490066888355,0.652917637008459
0.402509168093877,-0.00359391405345945,0.629504698427615
0.399085887256617,-0.0106400489949473,0.624743905623449
0.415973230000699,0.00359285337180554,0.648308630829343
0.409097037091106,0.0107803007938879,0.638861140504281
0.392568434105621,-0.00354706276333296,0.615363260696428
0.389196171295611,-0.0105236683815777,0.610593681206119
0.405852579763382,0.00354628418678918,0.634213273869512
0.399084881532427,0.0106400360955012,0.624742552293263
0.382741662639262,-0.00350820607451897,0.601195646185204
0.379424274492619,-0.0104272971423126,0.596435174908513
0.395869830943275,0.00350758928269379,0.620081819467734
0.389195079730523,0.0105236566350993,0.610592175292812
0.373008232537562,-0.00347599359474303,0.586999141356051
0.369728353137451,-0.0103473831306628,0.582232875805566
0.386007409201689,0.00347552209432582,0.60592316679656
0.379423085560836,0.0104272864332209,0.596433500055026
0.363348264647434,-0.00344929035991104,0.572767417087424
0.360095555645812,-0.0102812569819643,0.567988681349562
0.37624503821307,0.00344896890453854,0.591736817769185
0.369727135208884,0.0103473739778218,0.582231132936473
0.353751322809389,-0.00342720805755628,0.558504224094739
0.350525507104876,-0.0102267410878856,0.553719835813754
0.366561432101351,0.00342699492882246,0.577515858938971
0.360094351370745,0.0102812494582186,0.567986935923702
0.34420885537934,-0.00340900601827625,0.54421312024788
0.341009612587014,-0.0101819349128969,0.539428810329438
0.356944323839242,0.00340886276576124,0.563262504064079
0.350524318606033,0.0102267349383132,0.55371809394771
0.33470920888747,-0.00339404292160102,0.529890412076522
0.331525820351223,-0.010145187768296,0.525095242598276
0.347385067507859,0.00339395104582371,0.548981131333398
0.341008433109341,0.0101819298792274,0.539427064540074
0.325243344151255,-0.0033817806306498,0.515534054580981
0.322072861728661,-0.0101151942530931,0.510727900880727
0.337872066394478,0.00338172185500978,0.534668975583869
0.331524643571351,0.0101451836457986,0.525093485487811
0.315807035539631,-0.00337177487359058,0.501147444081058
0.3126506255677,-0.0100908400838391,0.496335790844478
0.328395231935581,0.00337173052367695,0.520323118635434
0.322071681594898,0.0101151908765964,0.510726125004776
0.306395204920779,-0.00336364842524192,0.486731154248973
0.303249991717168,-0.0100711563766041,0.481912754041546
0.318949623690465,0.00336361298731647,0.505946448166622
0.31264943663644,0.0100908373204669,0.496333989358087
0.297001904238572,-0.00335707927196743,0.472283090412571
0.293863473901626,-0.0100553319266486,0.467453801264366
0.309530308853129,0.00335705367626921,0.491540250042957
0.303248792116621,0.0100711541248633,0.481910925301978
0.28762349387902,-0.00335179688840207,0.457803572213494
0.284491052380519,-0.0100426935824739,0.452964393589591
0.300131156712196,0.00335178255026244,0.477102573517257
0.293862269413517,0.0100553301123686,0.46745195523042
0.278257994605136,-0.00334757675492105,0.443294559073837
0.275132230390385,-0.0100326698886456,0.438448453763624
0.29074793314693,0.00334757390890839,0.462633175251204
0.284489847593142,0.0100426921361084,0.452962538323502
0.268902604542954,-0.0033442282174962,0.428755965686725
0.265781072032867,-0.0100247747931864,0.423900743199192
0.281378453435042,0.00334423691862391,0.448133986813721
0.275131027806139,0.0100326687462992,0.438446594033563
0.259554585613121,-0.00334159019765229,0.414187146122982
0.256435803918682,-0.0100186057978966,0.409321855180184
0.272019994732927,0.00334160998506517,0.433605290747456
0.265779874023348,0.01002477389983,0.423898883481895
0.250212588709711,-0.00333952800233293,0.399589075140469
0.247096423419676,-0.0100138277563279,0.394714660609489
0.262669622937192,0.00333955819921415,0.419046342760292
0.256434612173448,0.0100186051061758,0.409319998807816
0.24087566042383,-0.00333792900427589,0.384962908872639
0.237762219412039,-0.0100101616359308,0.380080533207798
0.253325706319548,0.00333797047946418,0.404457844918222
0.247095238603694,0.010013827225913,0.394712809238384
0.231542459527672,-0.00333670031615682,0.370308837121325
0.228430466752292,-0.010007376556895,0.365417353233796
0.243987249369357,0.00333675465293691,0.389841024129486
0.237761040986102,0.0100101612330243,0.380078686533693
0.222211881706204,-0.00333576585613333,0.355627126659142
0.219100895757475,-0.0100052841502647,0.350726581421543
0.23465292518572,0.00333583328476157,0.375196205119716
0.228429294027076,0.0100073762539415,0.365415510641461
0.212883454119357,-0.003335063203638,0.340918804756562
0.209773505957446,-0.0100037310182365,0.336009899856304
0.225321507011901,0.00333514242883085,0.360523553223
0.219099728330902,0.010005283925027,0.350724742684421
0.203556742468684,-0.00333454132323526,0.326184779218697
0.200447705756032,-0.0100025931716067,0.321267898367781
0.215992408578273,0.00333463029174786,0.34582398832364
0.209772343300333,0.0100037308528084,0.336008064496536
0.194231201974436,-0.00333415875040623,0.311425642730371
0.191122602587634,-0.0100017714100991,0.306500562730699
0.20666519001759,0.00333425555401251,0.331098464883078
0.200446547263189,0.0100025930517107,0.321266065743598
0.184906462700333,-0.00333388266271853,0.296642157482327
0.181798187411598,-0.0100011872419146,0.291709182453538
0.197339296481907,0.00333398528381446,0.3163476026155
0.191121447617347,0.0100017713244629,0.306498732104894
0.175582371727726,-0.00333368657475282,0.281835352273136
0.172474453704072,-0.0100007791501768,0.276894987117713
0.188014300581643,0.00333379303248092,0.301572104835895
0.181797035311475,0.0100011871817251,0.291707353040743
0.166258756458746,-0.00333355023559026,0.267006171040961
0.163151075443028,-0.0100004995080866,0.262058653963262
0.178690012000137,0.00333365804270929,0.28677296390162
0.172473303830499,0.0100007791086215,0.276893158120782
0.15693543644879,-0.00333345737280804,0.252155509593307
0.153827870714834,-0.0100003119631281,0.247201059947902
0.169366256845578,0.00333356415654617,0.271951137407235
0.163149927176592,0.0100004994799629,0.262056824602387
0.147612316590109,-0.00333339493756622,0.2372843786901
0.14450483949569,-0.0100001891830518,0.232323356856701
0.160042844426639,0.00333350004810245,0.257107514943083
0.15382672348395,0.0100003119445159,0.247199229502446
0.13828935404097,-0.00333335254672995,0.222393863353249
0.1351819688152,-0.0100001109617375,0.217426671720299
0.150719659544872,0.00333345804422633,0.242243080758451
0.144503692812637,0.0100001891710425,0.23232152472655
0.128966497602734,-0.00333332271551062,0.207485034883853
0.125859152902693,-0.0100000626471823,0.202511986267404
0.141396650503083,0.003333432929763,0.227358907689547
0.135180822252967,0.0100001109542087,0.217424837392343
0.119643702327024,-0.00333329977731719,0.192558980407536
0.116536368474844,-0.0100000338465949,0.187580422346168
0.132073765291611,0.00333342075268638,0.212456065095143
0.125858006096895,0.0100000626426158,0.202510149321339
0.110320947692831,-0.00333328077765024,0.1776168364574
0.107213615520967,-0.0100000173709153,0.172633151350109
0.122750957594198,0.0033334208054668,0.197535635402692
0.116535221110368,0.0100000338439291,0.187578582435478
0.100998221158318,-0.00333326462048179,0.162659765652062
0.0978908872507656,-0.0100000083899853,0.157671348165607
0.113428202050911,0.00333343074440261,0.182598743583769
0.107212467347587,0.0100000173694271,0.172631308229142
0.104105479124939,0.00333344484640225,0.16764653638179
0.0978897380623988,0.0100000083891974,0.157669501656573
-0.104102014090338,-0.00333327756693288,-0.167641005752966
-0.107209297459517,-0.0100000173653182,-0.172626252818597
-0.0978865681192606,-0.0100000083870264,-0.157664441434106
-0.113424750122016,-0.00333327090047503,-0.182593239425892
-0.116532051298262,-0.0100000338365634,-0.187573532273752
-0.100994777429728,0.00333341955038231,-0.162654267500112
-0.0978877159741291,0.0100000083878132,-0.1576662858026
-0.107210444213645,0.0100000173668042,-0.172628093663532
-0.122747508742828,-0.00333326270326249,-0.197530142050513
-0.125854836317684,-0.0100000626300006,-0.202505104737603
-0.110317497062339,0.00333343959764056,-0.177611332519628
-0.116533197115206,0.0100000338392252,-0.187575369705221
-0.132070304218895,-0.00333325571314563,-0.21245055849819
-0.135177652474733,-0.0100001109333894,-0.217419798729211
-0.119640231900164,0.00333346981091383,-0.192553450488405
-0.125855981458296,0.0100000626345597,-0.202506939018904
-0.14139316646046,-0.00333325484522435,-0.227353371151368
-0.144500523132251,-0.0100001891378339,-0.23231649252878
-0.12896299644445,0.00333351016088385,-0.207479461989985
-0.135178797242956,0.0100001109409052,-0.217421630189625
-0.150716150279665,-0.00333326563962457,-0.242237511206471
-0.153823553870639,-0.0100003118931162,-0.247194204108633
-0.138285815047379,0.00333356143549641,-0.222388236680262
-0.144501667898269,0.0100001891498214,-0.232318321598586
-0.160039311428424,-0.00333329420399595,-0.257101915289967
-0.163146757466448,-0.0100004994023416,-0.262051806139348
-0.147608741161211,0.00333362446976952,-0.237278701059043
-0.153824699060357,0.0100003119116926,-0.247196031299917
-0.169362704165141,-0.00333334720307119,-0.27194551464174
-0.172470133861278,-0.0100007789940448,-0.276888146721854
-0.15693183030476,0.00333370426059941,-0.252149790715315
-0.163147903568392,0.0100004994304087,-0.262053632054294
-0.178686444436331,-0.0033334326665031,-0.286767326186411
-0.181793865641348,-0.0100011870162008,-0.291702349991336
-0.16625512773247,0.00333380980770313,-0.267000424443295
-0.172471281446101,0.010000779035512,-0.276889972080462
-0.188010721132234,-0.00333356095029864,-0.301566457459553
-0.191118277877918,-0.0100017710894975,-0.306493737229794
-0.175578727260844,0.00333395496595376,-0.28182958938891
-0.181795015329725,0.0100011870762568,-0.291704175576315
-0.197335702834853,-0.00333374531370982,-0.316341942460273
-0.200443376921325,-0.0100025927235146,-0.321261078627344
-0.184902804965231,0.00333415846427442,-0.296636382778771
-0.191119430312712,0.0100017711749361,-0.306495563838055
-0.206661573932404,-0.00333400308433115,-0.331092779513995
-0.209769172142708,-0.0100037304016446,-0.336003085259247
-0.194227526525081,0.00333444435404165,-0.311419849718979
-0.200444532754437,0.0100025928431221,-0.321262907044502
-0.215988762782131,-0.00333436107731348,-0.345818266949803
-0.219096557890274,-0.0100052833134572,-0.350719774237435
-0.203553037557949,0.00333484328027107,-0.326178949934537
-0.209770332016326,0.0100037305666586,-0.336004916224349
-0.225317826629413,-0.00333485379814055,-0.360517788956988
-0.228426122866237,-0.0100073754345542,-0.365410551255767
-0.212879702327734,0.00333539149044253,-0.34091291243025
-0.219097722409883,0.0100052835381119,-0.350721608393881
-0.2346492083035,-0.00333552451903158,-0.375190395856328
-0.237757867667154,-0.0100101601481344,-0.380073734553254
-0.222208073526444,0.00333612579401534,-0.355621157209652
-0.228427292560935,0.0100073757366958,-0.365412389082538
-0.243983477895413,-0.0033364155340582,-0.389835142532
-0.247092064328112,-0.0100138258054086,-0.394707867233957
-0.23153859869308,0.0033370893677928,-0.370302797460585
-0.237759042939012,0.0100101605499234,-0.380075576278329
-0.253321717239727,-0.00333750857350231,-0.404451637403936
-0.256431438437497,-0.0100186032640616,-0.409315069896805
-0.240871768352185,0.00333833487200752,-0.3849568337205
-0.247093245866619,0.0100138263343091,-0.39470971347486
-0.26266578759239,-0.00333918419152779,-0.419040391183976
-0.265776697454245,-0.0100247715309439,-0.423893963290337
-0.250208700019106,0.00333993125939036,-0.399583019765788
-0.256432626782648,0.0100186039537514,-0.409316920959447
-0.272015720365402,-0.00334098976285668,-0.433598673231833
-0.27512784502688,-0.0100326657237231,-0.438441678376534
-0.259550732547507,0.00334197224996669,-0.414181161824486
-0.265777891941316,0.010024772421597,-0.423895817523439
-0.28137394384234,-0.00334348604711072,-0.4481270248505
-0.284486664972465,-0.0100426883154346,-0.452957638330217
-0.268898660098002,0.00334465958642578,-0.428749855697236
-0.275129043966519,0.0100326668625142,-0.438443532449207
-0.290743263470322,-0.0033467359692531,-0.462625989177727
-0.293859085501848,-0.0100553253152477,-0.467447070085763
-0.278253147112257,0.00334851463740315,-0.443287066386059
-0.284487865994573,0.010042689757172,-0.452959487767454
-0.300126860465178,-0.0033511571408626,-0.477095988813665
-0.303245599766625,-0.0100711481325911,-0.481906045686621
-0.28761907974182,0.00335248782210632,-0.45779677413043
-0.293860286104442,0.0100553271235379,-0.46744891012383
-0.309524940918021,-0.00335583351618538,-0.491532048757085
-0.312646228683278,-0.0100908298660448,-0.496329106369181
-0.296997788383041,0.00335759921122699,-0.472276776305649
-0.303246795362945,0.0100711503766426,-0.481907868281461
-0.318943012045379,-0.00336170080249822,-0.505936385313285
-0.322068478421656,-0.0101151817122802,-0.510721272251714
-0.306390484751209,0.00336450087687476,-0.486723937930591
-0.312647413489335,0.0100908326196319,-0.496330901558323
-0.328389797685072,-0.00337047232675888,-0.520314895203758
-0.331521432809978,-0.01014517239676,-0.525088646841195
-0.315801145966558,0.00337327576988297,-0.501138473361483
-0.322069654311592,0.0101151850764091,-0.510723041654605
-0.337866565614894,-0.00338042627454482,-0.534660698729313
-0.341005200721026,-0.0101819160847951,-0.539422222128305
-0.325238151360046,0.00338289262201388,-0.515526187527263
-0.33152260522679,0.0101451765036945,-0.525090397342395
-0.347377211981685,-0.00339133916033842,-0.54896937411104
-0.350521066560832,-0.0102267181148103,-0.553713254868798
-0.334704193299796,0.00339505345996172,-0.529882856876355
-0.341006375715832,0.0101819210989876,-0.539423961204141
-0.356935271517671,-0.0034055794903897,-0.563249050080816
-0.360091100551347,-0.0102812291533616,-0.567982136051735
-0.344201664196144,0.00341122913637801,-0.544202346047049
-0.35052225045948,0.01022672424017,-0.553714989879537
-0.366554442122351,-0.00342486974493235,-0.577505565058281
-0.369723859749928,-0.0103473493671484,-0.582226339146316
-0.353743294865121,0.00342989624293918,-0.558492280563195
-0.360092300115979,0.0102812366472045,-0.567983874453056
-0.376236256380658,-0.00344585029419661,-0.591724000775154
-0.379419759241583,-0.0104272564764999,-0.596428680802542
-0.363341843745043,0.0034510729886747,-0.572757947922811
-0.369725072862457,0.0103473584832402,-0.582228074983716
-0.385999290572088,-0.00347278150178135,-0.605911451657067
-0.389191741953506,-0.0105236207219889,-0.610587395734523
-0.373001093622879,0.00347816460352238,-0.586988710690165
-0.379420943274578,0.0104272671408278,-0.596430348526732
-0.395861914685012,-0.00350496207181529,-0.620070543280934
-0.399081523224538,-0.0106399930272711,-0.624737807970777
-0.382732787721049,0.00351133074054836,-0.601182815600178
-0.389192828533008,0.0105236324141275,-0.610588894450352
-0.40584434460631,-0.00354348183903231,-0.63420171515832
-0.409093611756266,-0.0107802485432867,-0.638856376384718
-0.392559002488625,0.00355048458906016,-0.615349795879703
-0.399082523855287,0.0106400058606203,-0.624739154033238
-0.415964936167903,-0.00359002227640855,-0.648297188623876
-0.419230861875132,-0.0109489431459423,-0.652912841996756
-0.402502159261257,0.00359597830472313,-0.629494842370326
-0.409094582574329,0.010780263350355,-0.638857648578581
-0.946820116163861,-0.390300166444013,-0.892157874003343
-0.948421524306893,-0.388007425843035,-0.89215790948112
-0.949537632252174,-0.39068008391914,-0.892158632537815
-0.946124165687216,-0.387177781703835,-0.892156730835245
-0.943690167132862,-0.389211562471649,-0.892156227551984
-0.951968402531812,-0.39052517186456,-0.892158896080981
-0.950722578431605,-0.38835761568811,-0.892158507892648
-0.426255807796405,-0.00364584203981269,-0.662361574992217
-0.429559081437578,-0.0111527962367812,-0.666957119822526
-0.412570587357978,0.00365355993915087,-0.643597978769123
-0.419231865817991,0.0109489613170298,-0.652914124309518
-0.940159425455304,-0.387240491219391,-0.892152981783691
-0.943411933338771,-0.385166430538543,-0.892154034282183
-0.952654760097157,-0.388416560132853,-0.892158671015402
-0.954336824096427,-0.389878951044756,-0.892158791701533
-0.436758734038148,-0.00371340480392734,-0.676403595955219
-0.440116497515111,-0.0113997679602744,-0.680990179795841
-0.42279898668885,0.0037222907368716,-0.657670138030926
-0.429560186146154,0.0111528199405282,-0.666958497020055
-0.940606652221781,-0.382588287616211,-0.892149561117467
-0.936239617987303,-0.38424432092388,-0.892146954526935
-0.954348429766087,-0.387221606150146,-0.892158263170434
-0.956827820312321,-0.388618676312254,-0.892158208453017
-0.447509540047967,-0.00379515146289583,-0.690413092259736
-0.450907962106444,-0.011698838634513,-0.694959214718312
-0.433227300894901,0.00380503864240647,-0.671720741140686
-0.440117739175791,0.0113997995304675,-0.680991688649853
-0.937544145918119,-0.378481820863589,-0.892140965319759
-0.931900107122328,-0.380072440119705,-0.89213623763231
-0.956209437688667,-0.385271111795334,-0.892157131403629
-0.959492781187153,-0.386541112445095,-0.892156777041335
-0.458559237422234,-0.00389400575374909,-0.704386934997477
-0.462005028712822,-0.0120632036322611,-0.708886701669115
-0.443889386002421,0.00390523125339286,-0.685740788441321
-0.450909253106639,0.0116988775130928,-0.694960728796946
-0.927073513796449,-0.374538346573959,-0.892117822861493
-0.934079279130122,-0.373045083733219,-0.892125831897554
-0.958199020992186,-0.382660791452815,-0.892154850844708
-0.962264210929243,-0.383488402743477,-0.892153822813718
-0.469985730042392,-0.00401449037051962,-0.718338378420714
-0.473523625383172,-0.0125119012811561,-0.722828749441175
-0.45482999856717,0.00402738431373913,-0.6997239071236
-0.462006268961166,0.0120632478954201,-0.708888087551085
-0.930317117326157,-0.366258706455233,-0.892101067548652
-0.921659212594874,-0.367402420508841,-0.892087010198288
-0.960052402223906,-0.378964637879816,-0.892150401025749
-0.965088280589212,-0.379325052609334,-0.89214822916425
-0.481868861136356,-0.00416218070174606,-0.732259795469469
-0.485480007173819,-0.0130656156529731,-0.736697505283063
-0.466121726666963,0.00417780389601597,-0.713683353352684
-0.473524868255942,0.0125119539588646,-0.722830070026952
-0.925879430800213,-0.357455293042057,-0.892059047733926
-0.915523030869665,-0.358362237855758,-0.892036492185506
-0.967943197960594,-0.373891879871871,-0.892138218826888
-0.961953130617653,-0.373888547315186,-0.892141890237136
-0.494310977712318,-0.00434477718635318,-0.74614165032493
-0.498005483442499,-0.0137572212996614,-0.750516538569303
-0.477840420251787,0.00436413895002809,-0.727615012670868
-0.485481307717515,0.0130656812505282,-0.736698819467696
-0.921007994380902,-0.346367589139435,-0.89199098557477
-0.908489255119461,-0.347042597632933,-0.891954901803459
-0.963738065801478,-0.367816297280802,-0.892128045681172
-0.970824754117943,-0.366981440455465,-0.892121036266907
-0.507463963576375,-0.00457468679721339,-0.759990639550114
-0.511316929446336,-0.0146378836891924,-0.764355481594674
-0.490077554796447,0.00459685053559559,-0.741507549876543
-0.498006687732141,0.0137572938476552,-0.750517672593084
-0.915902869650297,-0.333322494571625,-0.891889215307236
-0.900325805018483,-0.332985643545234,-0.891824464661946
-0.965318726013282,-0.360067632527542,-0.892104722119497
-0.973734747780359,-0.358324488405298,-0.892092481809968
-0.521475456823785,-0.00491009613860759,-0.773759691736995
-0.525478994317203,-0.0157675360465656,-0.778073651997696
-0.502975253843468,0.00489144688830519,-0.755371861939551
-0.511318110388661,0.0146379691808709,-0.764356526758104
-0.910356653960477,-0.316755604231377,-0.891727273801288
-0.890719108992828,-0.31564145503526,-0.891617044414659
-0.966597033957072,-0.350373679058623,-0.892066617716919
-0.976674333836562,-0.347579226609865,-0.892046249918141
-0.536520595397661,-0.00540667338551271,-0.787373662948239
-0.540919160960573,-0.017265617866229,-0.791813743470319
-0.516689381283904,0.00526149648637384,-0.769185231470874
-0.525480311731142,0.0157676513839156,-0.778074776017845
-0.879231077840759,-0.294360818472573,-0.891287015809598
-0.903882601762415,-0.296660109585396,-0.891477677229328
-0.967314467003031,-0.338570088396663,-0.892006943996604
-0.979640391839042,-0.334318805654779,-0.891973020310747
-0.553095419603393,-0.00629178228509612,-0.800952180524299
-0.557903104716185,-0.0192945872072507,-0.805452099058919
-0.53141758364041,0.00565876576949412,-0.782905906237947
-0.540920182497277,0.0172657272286411,-0.791814583299235
-0.865225706360903,-0.268401714153792,-0.890757377449914
-0.896656843727905,-0.26833270803142,-0.891035992447758
-0.967410795692011,-0.324259641176504,-0.891915176406754
-0.982622984611501,-0.318015574517835,-0.891859289487069
-0.571476833147527,-0.00808499809191619,-0.814307368533119
-0.57712774683835,-0.0221699616111958,-0.819065197099271
-0.547419574108684,0.00597448904215453,-0.796470491700599
-0.557904387120534,0.0192947573101669,-0.805453172641273
-0.878788842397807,-0.240001060175133,-0.890356372903107
-0.848865012946721,-0.238951145195763,-0.889953410101982
-0.985602871988933,-0.298021010586775,-0.891686081693459
-0.96652908163082,-0.303841722154305,-0.891748152314077
-0.591502710992636,-0.00728493620582031,-0.826765463150324
-0.599359236042675,-0.0264303347313905,-0.832531971857451
-0.577129084949591,0.0221701859311079,-0.81906629314398
-0.564274061067909,0.00628910427574187,-0.809249197211896
-0.862641596045689,-0.210256639768127,-0.889451988935101
-0.831101853669694,-0.208841893464759,-0.888841483515276
-0.843559327216496,-0.179426948910356,-0.888182108155358
-0.812169551725851,-0.179455411946047,-0.887362223502501
-0.966431679549738,-0.282761562642061,-0.891534513748763
-0.988548266544915,-0.273540541723197,-0.891428008425631
-0.616752509867023,-0.00697283666957964,-0.83979672257267
-0.625891537276129,-0.0331526859881769,-0.845746629353645
-0.58986771708978,0.0106373943528301,-0.825956517872051
-0.599360564131618,0.0264306235053551,-0.832532841833916
-0.823979806538812,-0.148302419622484,-0.886496241497806
-0.791696260669143,-0.151123816846934,-0.885387370595907
-0.801693013202861,-0.118189666213684,-0.884224094150005
-0.769309126574894,-0.124283349517934,-0.882729236624078
-0.744673313197827,-0.099497343138919,-0.879110656247205
-0.780521681022894,-0.0870131505580907,-0.881319864047565
-0.965598252478701,-0.254287123677176,-0.891186201885564
-0.991410010096318,-0.243602568427306,-0.891054370374789
-0.648659703891319,-0.0111528978452678,-0.852695874348042
-0.656515890001497,-0.0437365321675569,-0.857758927363384
-0.682650845659189,-0.0234218240173167,-0.863155211204109
-0.688079612913323,-0.0587138106050361,-0.867270685466959
-0.717582635126808,-0.0774290174172563,-0.874140238697277
-0.750649508436616,-0.0597808951272089,-0.877002122292151
-0.716454162682695,-0.0383402962655893,-0.87093772526898
-0.615726025213627,0.0136374580434295,-0.839588209133471
-0.625892844977707,0.0331530682796583,-0.845747330395996
-0.966912211187623,-0.223979868031084,-0.890760968257947
-0.993944113492995,-0.209637664486086,-0.890574666842243
-0.653262402329812,0.0194107176428039,-0.854606825191784
-0.656517155990064,0.0437370432422031,-0.857759198181484
-0.966919395512315,-0.190234181943716,-0.890239701110349
-0.995953591386356,-0.174736342846733,-0.890052632687472
-0.684551245558431,0.0250500486542708,-0.863700841100241
-0.688080808402962,0.0587144696528964,-0.867269446720191
-0.968149312239687,-0.155982832406926,-0.889704933818205
-0.997485309221475,-0.139809959894591,-0.889540851929887
-0.717583741159305,0.077429817179907,-0.874138998996863
-0.720196397453688,0.0396615322659296,-0.871642297236178
-0.969526105225371,-0.121254967673228,-0.889198328872144
-0.998615817980668,-0.104868229084616,-0.889082681252875
-0.744674322074229,0.0994982620819837,-0.879110952570808
-0.756158045377635,0.0632787954338362,-0.877811767378335
-0.97049311983573,-0.0864408367427251,-0.888768380597259
-0.999393909125026,-0.0699168425922449,-0.88871966913105
-0.769310042261246,0.124284361028158,-0.882729722766617
-0.785551981669668,0.0913285201047329,-0.88191597519118
-0.971119932890158,-0.0515194165410738,-0.888456166515147
-0.999849630431208,-0.0349597495305635,-0.888486439521808
-0.791697066094713,0.151124859727279,-0.885387737170669
-0.805246733864532,0.121952123627426,-0.884581686659693
-0.971449805931172,-0.016571380531712,-0.888294105543183
-1,3.24705898393325e-23,-0.888406007783269
-0.825662454427791,0.149924646110975,-0.886618996551011
-0.812170304164776,0.179456519979021,-0.887362280648666
-0.97163255935353,0.0182288531444393,-0.888299845908377
-0.999849627566647,0.0349600812996469,-0.888486453373813
-0.844725385312779,0.180024708072162,-0.888229680058804
-0.831102541149658,0.208843013671678,-0.888841604248441
-0.971637673311853,0.0527031968877277,-0.8884690432636
-0.999393898756784,0.0699174318181429,-0.888719694347906
-0.862628830693844,0.210135890325294,-0.889448646722436
-0.848865648099239,0.238952260407995,-0.889953396634936
-0.971217350783331,0.0870177846178044,-0.888780365001012
-0.998615810342513,0.104868510629271,-0.8890826988594
-0.878485011387008,0.240865515884136,-0.890370316835091
-0.865226241675878,0.268402697494095,-0.890757428273628
-0.970637012585487,0.121205801872985,-0.889204955670871
-0.997485319539529,0.139809686990592,-0.88954084644332
-0.890249409759486,0.26936970355016,-0.89100078724921
-0.879231513000633,0.29436162850327,-0.891287005236911
-0.970093472384987,0.155258044958694,-0.889703894943185
-0.995953598572643,0.174736199853538,-0.890052631161485
-0.90090081107359,0.294535775846918,-0.891434203567595
-0.89071941071841,0.315642008699486,-0.891617057093043
-0.969324386916091,0.189991668330565,-0.890245238468339
-0.993944127998616,0.209637442940293,-0.89057468547095
-0.908733909997618,0.316089758408671,-0.891713652747293
-0.900326085646519,0.33298613967927,-0.891824480512774
-0.967385884741555,0.224622605451692,-0.890771788542167
-0.991410036369873,0.243602258143077,-0.891054383723695
-0.915466731056695,0.333301984398656,-0.891887547666961
-0.908489470949908,0.347042957757773,-0.891954915967268
-0.968156052087267,0.256625448906099,-0.891221018575177
-0.988548291431453,0.273540310843528,-0.891428016296863
-0.920886628016601,0.346919837466703,-0.891993807653185
-0.915523243562063,0.35836256609417,-0.89203650469025
-0.968227545381241,0.284124151547078,-0.891550833117816
-0.985602898324536,0.298020814645413,-0.891686080973863
-0.92561888535376,0.357723771891171,-0.89205962902637
-0.921659414275152,0.367402702236675,-0.892087021106117
-0.92995624679881,0.366298727767237,-0.892100556190642
-0.92707367563678,0.374538546141464,-0.892117832465174
-0.968463950982897,0.306063027034715,-0.891768783324134
-0.982623017447345,0.318015376211335,-0.891859295782383
-0.931900268434688,0.380072610219451,-0.892136246507811
-0.933921152946294,0.372945173510051,-0.892125381188762
-0.968237839896588,0.323760849278344,-0.89191150899988
-0.979640402946277,0.33431875086057,-0.891973025909547
-0.936239669910298,0.384244365733071,-0.892146962609267
-0.937586709247732,0.378282917972993,-0.892140695878718
-0.967335335218728,0.337727789171936,-0.892002136584888
-0.976674374305087,0.347579063251275,-0.892046255087739
-0.940159583685961,0.387240595769867,-0.892152989983428
-0.940777279815584,0.382295022579889,-0.892149391105707
-0.966385918944022,0.350262511974381,-0.892066223236314
-0.973734781263877,0.358324378075531,-0.892092488011905
-0.943606871018915,0.385199262520168,-0.892154191294192
-0.943690309225669,0.389211626570303,-0.892156235565786
-0.96509956984571,0.360058534127619,-0.892104799382417
-0.970824755897572,0.366981435702323,-0.892121043410214
-0.946211839019067,0.387119499087409,-0.89215675042963
-0.946820240831994,0.390300196403789,-0.89215788227807
-0.963640228733272,0.367962021861131,-0.892128459050802
-0.96794326276756,0.373891741305878,-0.892138226198079
-0.949537743566764,0.390680087895237,-0.892158640712493
-0.948697161978173,0.388194409491202,-0.892158055354424
-0.962046678895911,0.37414614058686,-0.892142322559114
-0.965088330314194,0.379324969156295,-0.892148237044398
-0.950674283032699,0.388781499683428,-0.892158612062622
-0.951968510976961,0.390525153821548,-0.892158904149848
-0.960256436473666,0.379190135667883,-0.892150615207537
-0.962264308982777,0.383488277375215,-0.892153830835519
-0.954336938469626,0.389878907275025,-0.892158799609836
-0.952489429520558,0.38811137214558,-0.892158597512992
-0.958422717479903,0.382785076896709,-0.892154899909679
-0.959492888938873,0.386541012098004,-0.892156785214832
-0.956827936413781,0.388618602777639,-0.892158216427516
-0.954526698690789,0.387008318856944,-0.892158177938498
-0.956475265111316,0.385407531206618,-0.892157165839669
0.952786999172659,-0.386073698112945,0.892157796954626
0.950588016488755,-0.386280980955061,0.892157672763554
0.948385660335604,-0.385733773213116,0.89215682017238
0.954285476452506,-0.384524699088601,0.892156875070173
0.952077317419096,-0.384420754867,0.892156735237138
0.949882979419174,-0.383175005488927,0.892155338433139
0.955714037544062,-0.382765004726444,0.892155413710943
0.951951054126246,0.386073469629771,0.892157747831799
0.949877867253837,0.38654589285215,0.892157671011589
0.946688430031713,-0.383997571933563,0.892154908969592
0.947528553272252,-0.381255769317663,0.892152561910787
0.953040877768248,-0.381654426894254,0.89215441189184
0.950012718216173,-0.37949669248656,0.892151308211884
0.956240996733703,-0.379822333647847,0.892152320423685
0.953891537266081,0.384848613744594,0.892157103346248
0.951818157325851,0.382986022050678,0.892155558543337
0.950034931181666,0.384733324288453,0.892156621260075
0.948104492414998,0.385493023110425,0.892156579722906
0.944573621798077,-0.381405147539743,0.892151165878431
0.946478185083651,-0.378207600187292,0.892147974814281
0.953028940650081,-0.377274394814105,0.892148789412538
0.949209499061776,-0.375314578829097,0.892144451565297
0.956940790200499,-0.375447690248404,0.892145905133518
0.954927059813171,0.382561955369053,0.892155305029704
0.953164726490746,0.380426235162139,0.892153076252583
0.950659815891771,0.380242669597846,0.89215243883698
0.94845153931014,0.382560372880148,0.892154322618949
0.946138704865602,0.384436932526075,0.892155012761538
0.942461983732002,-0.378113016662466,0.892145103066241
0.945041743546774,-0.373679422574835,0.89213893120187
0.952728761920099,-0.371910646778471,0.892138795432894
0.948518897406945,-0.371184238953751,0.892135594013626
0.957380112712519,-0.369212362771332,0.892133052225009
0.956002191410786,0.379007042853098,0.89215132819633
0.952263863571951,0.377024576585211,0.892148279336333
0.947614474025355,0.378216628543454,0.892148572885417
0.949233747137937,0.374355942549523,0.892142665787681
0.944790639745853,0.381813991016439,0.892151771327145
0.940274417723838,-0.37270798599127,0.892132672840673
0.944577300312788,-0.368078657717519,0.892125108454025
0.951139398424552,-0.366174081550316,0.892123887613636
0.95807305264394,-0.362604469595474,0.892114637669952
0.956842517370533,0.375101545087156,0.892145322160418
0.952622749549122,0.371865336283842,0.892138675654574
0.948432979037307,0.371065670704235,0.89213527727922
0.945234669505938,0.373607500630871,0.892138920646998
0.942667131069907,0.377911342738605,0.89214494780198
0.93781263685271,-0.366186682077496,0.892112417281651
0.94435631322386,-0.359875472946076,0.892098572971137
0.952193866209084,-0.358708212730326,0.89209994170717
0.958001274467847,-0.354048769907395,0.892083504157662
0.957277171614239,0.369007939935755,0.89213256393162
0.950818548269602,0.366131919466652,0.892123632207098
0.94447626891263,0.368184126426977,0.892125315678213
0.940254723137464,0.372762314102095,0.892132778377274
0.934593082317593,-0.358267233205163,0.8920794611726
0.939559731720015,-0.352305334012908,0.892061255539813
0.948680621730273,-0.350108512782993,0.892061491275895
0.958166068080518,-0.343145603493825,0.892032072286991
0.957802797951086,0.362542609987302,0.892114442390984
0.950656030458184,0.357173953837677,0.89209331970419
0.943575502629749,0.361213558274932,0.892102636766984
0.937911160715459,0.366678045580011,0.892114041172577
0.931702701143507,-0.348860194449154,0.892030593221841
0.939771824247329,-0.341627841543207,0.892005579344986
0.948907302062435,-0.338802223842991,0.892001299342886
0.956077012989242,-0.330627167276363,0.891955786787444
0.958265395069897,0.353672954571808,0.892081986998767
0.951314527478212,0.349153242329692,0.892058998229317
0.942448341589962,0.350718874364533,0.892057731202743
0.935142665832657,0.358394429973742,0.892080879772681
0.929542430340498,-0.33635934739968,0.891951421668477
0.941769240499614,-0.328572513599778,0.891923575102751
0.953800188241508,-0.315326105191937,0.891838549712945
0.95785205316696,0.343907418242595,0.892036000586724
0.947350817106058,0.340293010631843,0.892008385635641
0.937913410557212,0.340764402202631,0.891997265074116
0.931050117781868,0.347932658387799,0.892024359502349
0.9259341268694,-0.320704379475553,0.891822045631114
0.938482996523109,-0.308818509245615,0.89175169304015
0.953609188658155,-0.29563868001649,0.891654952154165
0.955996991010822,0.331675556593041,0.891962703094276
0.94111164378754,0.328926658569863,0.891924931605099
0.928541559978202,0.335462968591636,0.891942838280622
0.919634951587233,-0.300922178363314,0.891605878910391
0.936150283282739,-0.291747198826613,0.891568509113205
0.947176986256131,-0.273926016213391,0.891393236008407
0.953630968667817,0.314053175399096,0.89182765079692
0.938916161616384,0.311233690223997,0.891775238686644
0.926245271626118,0.320085360008226,0.891817728893818
0.918569949858715,-0.274661886682549,0.891277031638796
0.93805295944588,-0.241558943451733,0.890904707590311
0.948376718848977,0.293459941350091,0.891621785316542
0.925547125975442,0.300219334571755,0.891622727867626
0.933305487376475,0.285541163561782,0.891486356017868
0.94303089818825,-0.169372458361937,0.889732330385024
0.942174283866758,-0.205573631991393,0.890347990200667
0.904956471607459,-0.242198099817943,0.890670455059186
0.9178417343379,-0.217328546232723,0.890345438142623
0.944205534186903,-0.0699542570784854,0.888275148138197
0.941789965358185,0.269287996315215,0.891315877604052
0.942016545936845,0.234139780710279,0.890812092890754
0.917549712662505,0.277448086279574,0.89130904845674
0.942544054075701,-0.104211469830647,0.888672514097583
0.941727215337717,-0.13693597854303,0.889166430031429
0.920678977995681,-0.153106877588479,0.889154999624862
0.912399153645947,-0.18474819252636,0.889655254884516
0.892336665142029,-0.212888433225499,0.889962873011124
0.916797908302531,-0.0876684276507624,0.887942344687904
0.94464490181962,-0.0355607451399835,0.888006727857638
0.918258868023165,-0.0525935227852953,0.887554081008003
0.943602331339771,0.0330889730442104,0.887974688589615
0.944238610187321,-0.00130997939745645,0.887899652956039
0.942961282702515,0.0677678293959608,0.888231984241172
0.941881665213838,0.202581403805411,0.890295195543605
0.942099918061227,0.170073365793552,0.88973539865223
0.920247152262408,0.21693070143531,0.890361333796867
0.913949699304439,0.246027180004396,0.890812341845597
0.911361079417026,-0.122322867363877,0.888399141196659
0.889510152188122,-0.0969538148376896,0.887348240015138
0.892550370202812,-0.153646704820523,0.88864213339523
0.877211787653281,-0.182106991470266,0.889006263475588
0.891118157007404,-0.0678423976608705,0.88691146090402
0.917156632865144,-0.0189754046768373,0.887303803190409
0.890551283993797,-0.0366132606472212,0.886534143724968
0.915166378073207,0.0487910341665041,0.887436464407898
0.916013409548146,0.0148233937519772,0.88725824259035
0.942155948795802,0.136661588318731,0.889167239787959
0.942207276558987,0.102943623323399,0.88864956950827
0.914518084230079,0.0824323114324714,0.887811731918999
0.919936880653637,0.152698364926709,0.889135476627374
0.911798086898692,0.184945219447099,0.889650891590861
0.891590742501967,0.216960870247327,0.890038674338873
0.871321104567582,-0.0819383769641655,0.886414486629706
0.875718877816621,-0.123736798276007,0.887500895506708
0.866203633593662,-0.099989537645845,0.886604963821229
0.858905412399954,-0.150620133306164,0.887714762202965
0.861942835917272,-0.0559791304842392,0.88554224523323
0.88918005126226,-0.00329709438152794,0.886328634008534
0.866007808988919,-0.02047032767345,0.885356056513639
0.886543822532989,0.062795059942703,0.8866771070641
0.887013749613692,0.0306553789802012,0.88635193110025
0.910146939189049,0.120333425286423,0.888335760202147
0.884792893714712,0.0927082171702628,0.887115075311445
0.891043191686602,0.152905576717584,0.888592462101408
0.875787057911169,0.182466253203799,0.888987179128884
0.847001006773775,-0.0848387273406954,0.885408138504031
0.842627160282045,-0.117618257942947,0.886144450409468
0.831311979627636,-0.0652115317395077,0.884075858128382
0.840869741253836,-0.0363835141291349,0.884123443973749
0.843409864345393,-0.0121379289757059,0.884068997630447
0.858301023789736,0.0109664818180721,0.884916404140288
0.833044601957647,0.00451272061167892,0.88338031775257
0.866170975333958,0.0761137409111186,0.886088440427495
0.856877812475813,0.0498533985834786,0.885199843311074
0.872372883121359,0.120841214130732,0.887325179301242
0.860642320292562,0.0956306240438973,0.886281451606214
0.855829732980355,0.148733318148773,0.887568616965517
0.818751691999889,-0.0926790059312309,0.884141584432402
0.813469953559898,-0.0463594631493447,0.882449682530398
0.807929835261051,-0.0709578292115803,0.882711918432524
0.818543876488687,-0.0162198601278357,0.882396681988894
0.794057037798673,-0.0312962867776868,0.880549167446665
0.8326738205289,0.0290199624714991,0.88351693460068
0.812294424635521,0.010934947872365,0.88187602361509
0.841998027653712,0.0795814048152502,0.885025824783778
0.825028063867005,0.0592917646809894,0.883543674295622
0.838141395626409,0.112179591950524,0.885779792412363
0.788107250929502,-0.0580877569103227,0.880723719894004
0.773108576458092,-0.0386410456087067,0.878659961375549
0.792579101814655,-0.00272816933065982,0.880121399434145
0.772672222425635,-0.0160702867611759,0.878153498059442
0.807020640575372,0.0397880482402403,0.881817000199147
0.788632149973882,0.0257476918615383,0.879946837012637
0.814815656139607,0.08638692803766,0.883687585882135
0.802987892218986,0.0624307557528289,0.882078811082103
0.75040208730407,-0.0304844543631905,0.875742250377952
0.767514728711109,0.0113551184642306,0.877513470935908
0.730554781744127,-0.0171841463700917,0.872510644115991
0.746190572683111,-0.00161282568622617,0.874704923248973
0.780507492227936,0.0513031668022207,0.879798993877994
0.768098199354872,0.0332324425954574,0.87796691027417
0.725006424125115,-0.00145958310985342,0.871405897604807
0.710065297318414,-0.0131223099053548,0.868807794805387
0.747266199453048,0.0270397978430633,0.875225390837344
0.729280677320349,0.0146915955839295,0.872255513224398
0.708940791559577,0.00992977082847607,0.868530364993575
0.692596395012329,-0.00235858314936312,0.864973295135183
0.672689803289758,-0.00289570114589483,0.859961282203672
0.631838038800728,-0.00846008627598341,0.846347212581771
0.0916755070770287,-0.00333325230208222,0.147688940672481
0.0885681636361797,-0.0100000037674223,0.142696183604491
0.0947827700403616,0.00333345800677366,0.152680176315829
0.0823527925025467,-0.00333324548345023,0.13270555373076
0.0792454434319584,-0.0100000015474536,0.127708871686539
0.0854600588495179,0.00333346584185126,0.137700845742102
0.0885670132999454,0.0100000037670308,0.142694333647473
0.0730300714637411,-0.00333324508822688,0.117710823736385
0.0699227265489337,-0.0100000005685518,0.112710646004874
0.0761373364431744,0.00333346512296204,0.12270975328347
0.0792442917989111,0.0100000015472737,0.127707018196687
0.0637073410694041,-0.00333325068995605,0.102705989544048
0.060600011872705,-0.0100000001809694,0.0977027527253571
0.0668146005295967,0.00333345577286334,0.107708133884143
0.0699215735520197,0.0100000005684768,0.1127087890283
0.0543845986809143,-0.00333326023825151,0.0876923041340313
0.0512772971314988,-0.010000000047558,0.0826864495285972
0.0574918508776366,0.00333344033384989,0.0926972399650124
0.0605988585661134,0.0100000001809418,0.0977008941153566
0.0450618387240688,-0.00333327122029763,0.0726710280668736
0.0419545823902763,-0.0100000000095512,0.0676630097351706
0.0481690802733196,0.00333342267158782,0.0776783255076335
0.051276142916079,0.0100000000475495,0.0826845884790051
0.0357390884093705,-0.00333328075377851,0.0576434854718321
0.0326319884339744,-0.0100000000012793,0.0526339115177319
0.0388462385787951,0.00333340769281904,0.0626525865571587
0.041953425258428,0.0100000000095491,0.0676611431699364
0.0264163540839085,-0.00333328591277892,0.0426109758872083
0.0233092620945695,-0.0100000000000868,0.037600038561586
0.0295234129838129,0.0033333995158352,0.0476214500964283
0.0326302758092297,0.0100000000012787,0.0526311486286242
0.0170936127635626,-0.00333328474600092,0.0275747587223174
0.0139865025336134,-0.0100000000000014,0.02256284908884
0.0202006732166399,0.00333340136405837,0.0325863229242648
0.02330757520824,0.0100000000000866,0.0375973164585959
0.00777086090785091,-0.00333327899078776,0.0125361300530816
0.00466374292559948,-0.01,0.00752369974977303
0.01087794549479,0.00333341065654119,0.0175483863394694
0.0139848415843268,0.0100000000000015,0.0225601683475372
-0.00155190786015416,-0.00333327093239481,-0.00250361515883386
-0.0046590521997296,-0.01,-0.00751616068550907
0.00155518660576576,0.00333342397885053,0.00250887494015964
0.00466214142385736,0.01,0.00752111467584391
-0.0108747174148867,-0.00333326262866817,-0.0175432085938508
-0.0139820822883918,-0.0100000000000015,-0.0225557469902809
-0.0077675646197847,0.00333343719593568,-0.012530842124595
-0.0046607889984493,0.00999999999999998,-0.00751896402444248
-0.0201974714286933,-0.00333325660834467,-0.0325811883350364
-0.0233045146331706,-0.0100000000000866,-0.0375924099639943
-0.0170903467709025,0.00333344607223824,-0.0275695202732672
-0.0139833183403678,0.0100000000000015,-0.0225577423357411
-0.0295202041625322,-0.00333325445845721,-0.0476163053535322
-0.0326275783838284,-0.0100000000012779,-0.0526268289487073
-0.0264131083314321,0.00333344904190255,-0.0426057711399362
-0.0233064456271798,0.0100000000000867,-0.0375955257659169
-0.0388429537361115,-0.00333325626971668,-0.0626473209009256
-0.0419502520717926,-0.0100000000095434,-0.0676560581417276
-0.035735758843586,0.00333344605037428,-0.0576381471040144
-0.0326289749220842,0.0100000000012783,-0.0526290821846384
-0.0481656635914422,-0.00333326105618502,-0.077672849534789
-0.0512729696472706,-0.010000000047526,-0.0826795055171091
-0.0450584293212414,0.00333343879105548,-0.0726655630357805
-0.0419514096758822,0.0100000000095455,-0.067657925468685
-0.0574883859231297,-0.00333326744016787,-0.0926916889240559
-0.0605956874212717,-0.0100000001808661,-0.0976958172047376
-0.0543811478912933,0.00333342949836346,-0.0876867749527453
-0.0512741257230245,0.0100000000475346,-0.0826813695642774
-0.0668111119687489,-0.0033332736156157,-0.107702548032239
-0.0699184034520413,-0.0100000005682707,-0.112703716857145
-0.0637038767656066,0.00333342030184096,-0.102700441623762
-0.0605968396937982,0.0100000001808936,-0.0976976741499503
-0.0761338384171214,-0.00333327868664222,-0.122704155883744
-0.0792411217255131,-0.0100000015467784,-0.127701949549437
-0.0730266067760109,0.00333341282380448,-0.117705278695969
-0.0699195555511038,0.0100000005683456,-0.112705572389186
-0.0854565636860399,-0.00333328135452159,-0.137695257096719
-0.0885638432977528,-0.0100000037659524,-0.142689269015253
-0.0823493342771947,0.00333340891637743,-0.132700023041013
-0.0792422723317306,0.0100000015469581,-0.127703801388363
-0.094779288185928,-0.00333328116184014,-0.15267461365467
-0.0916720580957135,0.00333341028453525,-0.147683429242714
-0.088564992474108,0.0100000037663434,-0.142691117108855
-0.94978612466939,-0.386517790549605,-0.892157636541885
-0.951897565659851,-0.386099455916689,-0.892157756024727
-0.947940598549625,-0.385414657238306,-0.892156471473785
-0.949879221160371,-0.384704350488712,-0.89215656374758
-0.946063660646265,-0.38439427899881,-0.892154941916269
-0.951598128883038,-0.382926791032875,-0.892155473299205
-0.953777236334535,-0.384799296321661,-0.892157072913901
-0.948173688039948,-0.382563057706086,-0.892154222218088
-0.950010576692846,-0.380245530994856,-0.892152266399976
-0.944643014294615,-0.381843335101437,-0.892151713661864
-0.952540958282473,-0.379855004235799,-0.892152318886456
-0.950291523514342,-0.37794028961699,-0.892149201151558
-0.954821366262083,-0.382487416284771,-0.892155243100116
-0.947072594335623,-0.378460959494498,-0.892148671627555
-0.94250142549527,-0.378028296325483,-0.892145002167996
-0.949098215569116,-0.374890407982314,-0.892143624407098
-0.952739236557967,-0.376262504932132,-0.892147129188799
-0.955858864941073,-0.379190524009016,-0.892151575524702
-0.944789716743243,-0.373715798734317,-0.892138828649195
-0.940088645167018,-0.372630035888716,-0.892132305238853
-0.94832076446891,-0.371090739424015,-0.89213527568036
-0.952699129538951,-0.372003452411359,-0.892138992080071
-0.956800205327834,-0.374912789268761,-0.892144994700714
-0.944270737807258,-0.367979431735686,-0.892124582017041
-0.937986392272404,-0.366617763259363,-0.892113955566709
-0.950858212396215,-0.366078368659387,-0.892123495980796
-0.957414080157826,-0.369025115339522,-0.892132600161727
-0.943866053256779,-0.361319458333238,-0.892103300605498
-0.935296520947092,-0.358473863410093,-0.892081446522345
-0.950926163579555,-0.357304076541501,-0.892093982158642
-0.957997553194956,-0.362550912678739,-0.892114471332313
-0.931472708682587,-0.34786694088298,-0.892024894752156
-0.942719939139707,-0.350841846109211,-0.892058659858092
-0.951551303266292,-0.349263496403739,-0.892059684537233
-0.958499069686636,-0.353768971860766,-0.892082411901753
-0.929643545462402,-0.336006969213534,-0.891949312458763
-0.938292002266853,-0.341304710175956,-0.892001153579068
-0.947634821978793,-0.340360377016971,-0.892009098301731
-0.957881054364357,-0.34396210737666,-0.892036296804226
-0.925593963960052,-0.320776563667236,-0.891821572000081
-0.941326719477302,-0.328932405429229,-0.891925371949236
-0.955532309801008,-0.331830145509537,-0.891963403515153
-0.924026918980857,-0.303141038164238,-0.891647851095721
-0.936968645327538,-0.313656509266208,-0.891792233130378
-0.953227048890899,-0.315430143889408,-0.891838721995787
-0.922301792318363,-0.281770697136641,-0.891390970650086
-0.944693424887548,-0.295498652091862,-0.891634537515705
-0.578619067477738,0.00467197374803428,-0.818887334493733
-0.906810906134436,-0.239326008831775,-0.890636732613075
-0.921185371790124,-0.259061119997625,-0.891069110646266
-0.943365592761325,-0.267930554949306,-0.891304080873351
-0.602727157897314,0.00719912478547366,-0.832911507542984
-0.892532989171184,-0.214738145069924,-0.890004295644516
-0.917033474193377,-0.218147045649714,-0.890352442252733
-0.936978313961039,-0.238400384663691,-0.890849758003248
-0.881962886985041,-0.180267668799554,-0.889053573638624
-0.856614812015986,-0.148917915178279,-0.887597646660303
-0.912231763358541,-0.19317530065278,-0.889821199679123
-0.907524612192568,-0.168321970108045,-0.88924552265514
-0.93914314494765,-0.206515244988949,-0.890341439791772
-0.6326884388323,0.00952869625811298,-0.846721815695222
-0.781819541591904,-0.0545386186417002,-0.88003366774506
-0.768358658426361,-0.0350802164189426,-0.878045257773451
-0.788562032269131,-0.0283733192678896,-0.879984381815201
-0.838633467758711,-0.11288656822372,-0.885824289783739
-0.813929948121821,-0.0884813963241791,-0.883706846062564
-0.802021137674426,-0.0669176959177066,-0.882149181268684
-0.873744715414107,-0.121092179507285,-0.887375052496834
-0.862015464181676,-0.0958121042591982,-0.886341636278702
-0.890299667348511,-0.147813630500604,-0.8884589143236
-0.917118090209976,-0.148904834044884,-0.889016247142333
-0.93598617094255,-0.171407977753997,-0.889695546560541
-0.672046719354268,0.00214502626841111,-0.859779145759682
-0.705300669907375,-0.0109816709708315,-0.867820155710578
-0.691101689009557,0.000856904490837469,-0.864623186876431
-0.745136567007823,-0.0265676234499642,-0.874920166352322
-0.726331033254328,-0.0110451630317745,-0.871708699771238
-0.770413044330741,-0.0127456537507879,-0.877861817615504
-0.791477518451327,-0.00757884769860921,-0.880031672094726
-0.806841333531456,-0.043156598581752,-0.881872303149055
-0.810872583098458,-0.0178938270506221,-0.88181120382501
-0.84337940924172,-0.0806389396244474,-0.885123171829181
-0.826993184104063,-0.0613987154828113,-0.883718898507776
-0.866855555472615,-0.0772499381393137,-0.886139679621416
-0.885614570343552,-0.0934727244320804,-0.887156988510876
-0.910829083510467,-0.12025098718083,-0.88834916066494
-0.940816878137108,-0.136721480132677,-0.889151349554134
-0.710380533755051,0.0107121373091477,-0.868824035199409
-0.751127144348053,0.00140258207613922,-0.875388957403763
-0.732659854720583,0.0127591599092194,-0.872765734820496
-0.779804470083186,0.0132005420495969,-0.878896597284327
-0.807735462475119,0.00791801952665654,-0.881488730670556
-0.832433238749872,-0.0334392313760612,-0.883554872236013
-0.833173388358097,-0.00615480935313051,-0.88339253426401
-0.857026660908403,-0.0531263367014972,-0.885257233551439
-0.886333888078941,-0.0631808282803824,-0.88667483268125
-0.913908715403507,-0.083250309225472,-0.887808146402813
-0.941743045226128,-0.103039476579576,-0.888643945462026
-0.752816761618378,0.0286732423842524,-0.876005834729152
-0.800943056993871,0.0320361515263663,-0.881169152442536
-0.776165590851168,0.0395589744977337,-0.879005328239778
-0.83187019175701,0.0230716435540239,-0.883402975418473
-0.859709592192434,-0.0188804112440073,-0.885026853322147
-0.852833869396549,0.00668475851048157,-0.88460465993824
-0.887255810189394,-0.0317349664665312,-0.886369431464136
-0.914601474785098,-0.0489180858665209,-0.887422092920579
-0.942559908567033,-0.0680460879856124,-0.888227986389888
-0.819439058972764,0.0478860540102752,-0.882913330837409
-0.790125134565527,0.0605519452633034,-0.880982358327278
-0.840902461489222,0.0435010136371698,-0.884225655363258
-0.860970549239616,0.0288626175158033,-0.885163277605975
-0.882994823926116,0.00562452317820657,-0.886079331498161
-0.914386551643216,-0.0142061724758656,-0.887209649697376
-0.942960784054084,-0.033146995636835,-0.88796327450061
-0.83522903471983,0.0594067649482258,-0.884178780244716
-0.814255972541168,0.0730056668238558,-0.883210508372148
-0.856917825933869,0.0555841120727919,-0.885291008046604
-0.886062491657881,0.0443666119061644,-0.886434756178182
-0.914548069455019,0.0214716918531742,-0.887239190028983
-0.943109523960975,0.0020356850521308,-0.887878808419864
-0.843848262750138,0.0815402740338184,-0.885169155663883
-0.817980780490098,0.0969255751946061,-0.884248411223558
-0.873201476061067,0.0738688567788742,-0.886338356794831
-0.896737501568021,0.0706116047025774,-0.887137979245722
-0.917067195421455,0.0545428772417234,-0.887541609330836
-0.943665316252901,0.0364735965010803,-0.887994352460676
-0.866456661906988,0.0966575806247899,-0.886537327867017
-0.841000951624985,0.116801291383197,-0.88605095462907
-0.890168732693129,0.0951364135994981,-0.887334551284153
-0.917099731666959,0.0856049470714039,-0.887919713220107
-0.943954891243917,0.0699691146758664,-0.888271218524861
-0.876814792046421,0.122391372624878,-0.88750209083872
-0.859134285504958,0.150188373876768,-0.887708953859374
-0.911594062868318,0.121670110432846,-0.888392033201731
-0.942994440680811,0.103708420156497,-0.888672032230035
-0.893691580296081,0.152991419625663,-0.8886517743794
-0.877613732612422,0.181652660476177,-0.889002878716741
-0.921268538224442,0.152342408098269,-0.889149728881182
-0.943430372604929,0.137003546342827,-0.889188473445714
-0.892727739269284,0.212121880047491,-0.889951928071839
-0.912774572570334,0.184453694365381,-0.889654531468745
-0.943401325995658,0.169567738863836,-0.889739284213107
-0.905787235840915,0.241757105628534,-0.890670265809175
-0.918164095317292,0.217022608960964,-0.890343039354694
-0.942554996277163,0.205477144485266,-0.89034911599153
-0.91893408021846,0.27537098727998,-0.891288758909301
-0.938251188016166,0.242173361650368,-0.890915212937392
-0.919686393479759,0.299689639015651,-0.891592561551288
-0.935145008463536,0.291439100876176,-0.891561597281217
-0.946755330332908,0.274315121212062,-0.891396778108668
-0.925341892516378,0.320401567412738,-0.891817559505619
-0.937787390090558,0.308582244519871,-0.891747638180398
-0.951818107830779,0.296157677012673,-0.891657060978328
-0.929049913973735,0.336384810500597,-0.891950368964264
-0.941495077364952,0.328435366917075,-0.891922091954971
-0.953237860887946,0.315370115884918,-0.891838242136437
-0.93136410280638,0.348651399546052,-0.892028817623514
-0.939961030613372,0.341153277744989,-0.892003116408012
-0.949046604728986,0.338822020056926,-0.892001574806449
-0.955845649755358,0.330578487458842,-0.891955310570748
-0.934486875400931,0.358110358753761,-0.892078657947914
-0.939695216693284,0.35176400915476,-0.892058933651627
-0.937843883198327,0.366030486046858,-0.892111988107581
-0.948740205531863,0.349641193400406,-0.89205933700539
-0.957963590663227,0.342671175703761,-0.892029483810943
-0.94034656453986,0.37260523270766,-0.892132524988093
-0.944137696086612,0.359809918578268,-0.892098125769542
-0.944592490731159,0.367832806748575,-0.892124456186054
-0.952239180311931,0.359109359873169,-0.892101442852206
-0.958081963879631,0.354048153164833,-0.892083523276579
-0.944590693302239,0.381004397312768,-0.892150708052177
-0.942480151728351,0.377798596170465,-0.892144622128907
-0.945084264112593,0.373251829140607,-0.892138074799654
-0.948317678590431,0.370910379667345,-0.892134860679862
-0.951000903236197,0.365879226678115,-0.892122993250031
-0.958063317981037,0.362546143909661,-0.892114464091374
-0.946716606194112,0.384068472227968,-0.892154991440705
-0.947672477675262,0.381328915124416,-0.892152718474051
-0.947277987301535,0.377898901374922,-0.892147931597724
-0.949083078348373,0.374259856802107,-0.892142422156842
-0.95265352297894,0.371908744923909,-0.892138784588664
-0.95720491108902,0.369039351718458,-0.89213265021827
-0.949951017962935,0.380321964598215,-0.892152350879719
-0.949826083615483,0.383350840108209,-0.892155489123305
-0.948394293153247,0.385817683979445,-0.892156884294258
-0.952081938758372,0.377329428903753,-0.89214872805526
-0.956718648581634,0.375256772476049,-0.892145608982373
-0.952019961381732,0.384414274889026,-0.892156735374962
-0.952800405882942,0.381789710067486,-0.892154540777687
-0.950678590469437,0.386396452487085,-0.892157757481269
-0.956068403293887,0.379926833055431,-0.892152473928459
-0.952751555483835,0.386077900749455,-0.892157808547912
-0.954043171456941,0.384456471032895,-0.892156847424114
-0.9555700207955,0.382858971554489,-0.89215552055375
