5,-1.73472347597681E-17,5,-3.642919299551295E-17
4.99990110659342,0.0314471665803388,4.99990110659342,0.031447166580338796
4.99960443028563,0.0628930891937053,4.999604430285631,0.0628930891937053
4.99910998281237,0.0943365239223354,4.999109982812369,0.09433652392233538
4.99841778373267,0.125776226946879,4.99841778373267,0.125776226946879
4.99752786042811,0.157210954595603,4.997527860428109,0.15721095459560297
4.9964402481017,0.188639463393586,4.9964402481017,0.18863946339358598
4.99515498977652,0.220060510111908,4.9951549897765215,0.22006051011190797
4.993672136294,0.251472851816831,4.993672136294001,0.251472851816831
4.99199174631192,0.282875245918962,4.991991746311921,0.282875245918962
4.99011388630206,0.31426645022241,4.990113886302062,0.31426645022240995
4.98803863054761,0.345645222973923,4.98803863054761,0.34564522297392297
4.98576606114023,0.377010322912008,4.98576606114023,0.3770103229120081
4.98329626797676,0.408360509316033,4.983296267976759,0.408360509316033
4.98062934875571,0.439694542055306,4.98062934875571,0.439694542055306
4.97776540897337,0.471011181638131,4.97776540897337,0.4710111816381308
4.97470456191964,0.50230918926084,4.97470456191964,0.50230918926084
4.97144692867356,0.533587326856795,4.971446928673559,0.5335873268567949
4.96799263809851,0.564844357145364,4.9679926380985115,0.5648443571453641
4.96434182683712,0.596079043680867,4.964341826837119,0.596079043680867
4.96049463930584,0.62729015090148,4.96049463930584,0.62729015090148
4.95645122768928,0.658476444178118,4.95645122768928,0.658476444178118
4.95221175193412,0.689636689863268,4.952211751934121,0.6896366898632682
4.94777637974286,0.720769655339791,4.9477763797428596,0.7207696553397909
4.94314528656711,0.751874109069683,4.943145286567109,0.751874109069683
4.93831865560072,0.782948820642788,4.93831865560072,0.7829488206427881
4.93329667777246,0.813992560825472,4.933296677772461,0.8139925608254722
4.92807955173854,0.845004101609245,4.928079551738541,0.8450041016092451
4.92266748387471,0.875982216259345,4.9226674838747115,0.875982216259345
4.91706068826809,0.906925679363255,4.91706068826809,0.9069256793632547
4.91125938670874,0.937833266879186,4.91125938670874,0.9378332668791858
4.90526380868084,0.968703756184488,4.90526380868084,0.9687037561844879
4.89907419135365,0.999535926124023,4.899074191353652,0.9995359261240229
4.8926907795721,1.03032855705846,4.8926907795721,1.03032855705846
4.88611382584713,1.06108043091254,4.88611382584713,1.0610804309125397
4.87934359034568,1.09179033122323,4.87934359034568,1.0917903312232298
4.87238034088042,1.12245704318786,4.872380340880418,1.1224570431878602
4.86522435289912,1.1530793537122,4.865224352899119,1.1530793537122
4.8578759094738,1.1836560514584,4.8578759094738,1.1836560514583998
4.8503353012895,1.21418592689294,4.8503353012895,1.2141859268929398
4.8426028266328,1.24466777233446,4.8426028266328,1.2446677723344597
4.83467879137999,1.27510038200155,4.834678791379991,1.2751003820015496
4.82656350898502,1.30548255206044,4.82656350898502,1.3054825520604398
4.81825730046704,1.33581308067261,4.81825730046704,1.3358130806726098
4.80976049439777,1.36609076804233,4.809760494397769,1.3660907680423298
4.80107342688845,1.39631441646415,4.80107342688845,1.3963144164641499
4.79219644157654,1.42648283037025,4.7921964415765395,1.42648283037025
4.78312988961219,1.45659481637774,4.783129889612191,1.4565948163777398
4.77387412964427,1.48664918333586,4.773874129644269,1.48664918333586
4.76442952780623,1.51664474237313,4.764429527806229,1.5166447423731297
4.75479645770163,1.54658030694434,4.75479645770163,1.54658030694434
4.74497530038929,1.57645469287751,4.744975300389289,1.5764546928775096
4.73496644436832,1.60626671842072,4.734966444368319,1.6062667184207202
4.72477028556264,1.63601520428886,4.72477028556264,1.6360152042888598
4.71438722730542,1.66569897371029,4.71438722730542,1.6656989737102905
4.70381768032305,1.69531685247338,4.703817680323052,1.6953168524733804
4.69306206271895,1.72486766897295,4.693062062718952,1.7248676689729505
4.68212079995696,1.75435025425665,4.6821207999569605,1.75435025425665
4.6709943248446,1.78376344207116,4.6709943248445995,1.7837634420711603
4.65968307751587,1.81310606890833,4.65968307751587,1.8131060689083294
4.64818750541389,1.84237697405125,4.6481875054138895,1.8423769740512497
4.63650806327316,1.87157499962009,4.63650806327316,1.87157499962009
4.62464521310163,1.90069899061798,4.624645213101629,1.90069899061798
4.61259942416234,1.92974779497664,4.612599424162339,1.9297477949766393
4.60037117295496,1.95872026360199,4.600371172954959,1.9587202636019898
4.58796094319683,1.98761525041956,4.58796094319683,1.98761525041956
4.57536922580393,2.01643161241991,4.575369225803929,2.01643161241991
4.56259651887138,2.04516820970373,4.562596518871378,2.0451682097037294
4.54964332765378,2.07382390552704,4.54964332765378,2.07382390552704
4.53651016454522,2.10239756634607,4.536510164545219,2.10239756634607
4.52319754905899,2.13088806186218,4.523197549058989,2.1308880618621795
4.50970600780705,2.15929426506649,4.509706007807047,2.1592942650664897
4.49603607447918,2.18761505228452,4.49603607447918,2.18761505228452
4.48218828982191,2.21584930322063,4.48218828982191,2.2158493032206303
4.46816320161706,2.24399590100231,4.468163201617058,2.24399590100231
4.45396136466014,2.27205373222439,4.45396136466014,2.2720537322243897
4.43958334073837,2.30002168699305,4.43958334073837,2.3000216869930505
4.42502969860844,2.32789865896979,4.425029698608441,2.3278986589697905
4.41030101397406,2.35568354541509,4.410301013974059,2.3556835454150895
4.39539786946314,2.38337524723214,4.39539786946314,2.38337524723214
4.38032085460479,2.41097266901024,4.380320854604789,2.41097266901024
4.36507056580594,2.43847471906817,4.365070565805939,2.4384747190681706
4.3496476063278,2.46588030949737,4.349647606327799,2.4658803094973694
4.33405258626196,2.49318835620496,4.33405258626196,2.4931883562049606
4.3182861225063,2.52039777895662,4.3182861225063,2.520397778956619
4.30234883874054,2.54750750141937,4.30234883874054,2.5475075014193704
4.28624136540158,2.57451645120406,4.28624136540158,2.57451645120406
4.2699643396586,2.60142355990789,4.2699643396586,2.6014235599078894
4.25351840538781,2.6282277631566,4.253518405387811,2.628227763156601
4.23690421314698,2.6549280006466,4.23690421314698,2.654928000646601
4.22012242014975,2.68152321618691,4.22012242014975,2.68152321618691
4.20317369023959,2.70801235774095,4.20317369023959,2.7080123577409503
4.18605869386355,2.73439437746814,4.18605869386355,2.73439437746814
4.16877810804576,2.76066823176535,4.16877810804576,2.76066823176535
4.1513326163606,2.78683288130821,4.1513326163606,2.786832881308211
4.13372290890573,2.81288729109219,4.133722908905731,2.8128872910921903
4.11594968227473,2.83883043047354,4.115949682274731,2.8388304304735406
4.09801363952956,2.8646612732101,4.098013639529559,2.8646612732101
4.07991549017277,2.89037879750185,4.07991549017277,2.890378797501849
4.06165595011943,2.91598198603137,4.061655950119429,2.91598198603137
4.04323574166877,2.94146982600403,4.043235741668771,2.9414698260040306
4.02465559347567,2.9668413091881,4.0246555934756705,2.9668413091881005
4.00591624052179,2.99209543195463,4.005916240521791,2.9920954319546302
3.9870184240865,3.01723119531713,3.9870184240864996,3.01723119531713
3.96796289171757,3.04224760497109,3.9679628917175704,3.04224760497109
3.94875039720163,3.06714367133331,3.9487503972016293,3.0671436713333096
3.92938170053427,3.09191840958108,3.9293817005342695,3.09191840958108
3.90985756789006,3.11657083969108,3.90985756789006,3.1165708396910796
3.8901787715922,3.14109998647821,3.8901787715921996,3.1410999864782094
3.87034609008195,3.16550487963411,3.8703460900819495,3.165504879634109
3.85036030788791,3.18978455376556,3.8503603078879096,3.189784553765559
3.83022221559489,3.2139380484327,3.83022221559489,3.213938048432699
3.80993260981273,3.23796440818697,3.809932609812729,3.2379644081869694
3.7894922931447,3.26186268260895,3.7894922931446997,3.2618626826089496
3.76890207415585,3.28563192634594,3.76890207415585,3.2856319263459395
3.74816276734091,3.30927119914934,3.7481627673409106,3.30927119914934
3.72727519309218,3.33277956591186,3.7272751930921797,3.3327795659118604
3.706240177667,3.35615609670451,3.706240177666999,3.3561560967045097
3.68505855315511,3.3793998668134,3.68505855315511,3.3793998668134004
3.6637311574457,3.40250995677626,3.6637311574457,3.4025099567762607
3.64225883419431,3.4254854524189,3.6422588341943105,3.4254854524189002
3.6206424327894,3.44832544489131,3.6206424327894,3.44832544489131
3.59888280831882,3.47102903070361,3.59888280831882,3.47102903070361
3.57698082153591,3.49359531176184,3.5769808215359093,3.4935953117618395
3.55493733882551,3.51602339540342,3.5549373388255097,3.51602339540342
3.53275323216966,3.53831239443252,3.532753232169658,3.5383123944325185
3.51042937911311,3.56046142715513,3.5104293791131105,3.5604614271551305
3.48796666272861,3.58246961741392,3.48796666272861,3.58246961741392
3.46536597158199,3.60433609462293,3.46536597158199,3.604336094622929
3.44262819969696,3.62605999380199,3.4426281996969608,3.62605999380199
3.41975424651983,3.64764045561094,3.4197542465198296,3.647640455610939
3.39674501688385,3.66907662638364,3.39674501688385,3.669076626383641
3.37360142097346,3.6903676581617,3.3736014209734604,3.6903676581616995
3.35032437428829,3.71151270872805,3.3503243742882916,3.711512708728051
3.3269147976069,3.73251094164026,3.3269147976069005,3.73251094164026
3.30337361695041,3.75336152626362,3.3033736169504104,3.7533615262636206
3.27970176354584,3.77406363780399,3.279701763545841,3.774063637803991
3.25590017378928,3.79461645734044,3.2559001737892808,3.7946164573404406
3.23196978920885,3.81501917185764,3.2319697892088506,3.815019171857641
3.20791155642744,3.83527097427799,3.20791155642744,3.8352709742779907
3.1837264271253,3.85537106349362,3.183726427125301,3.8553710634936205
3.15941535800236,3.87531864439801,3.15941535800236,3.8753186443980105
3.13497931074039,3.89511292791746,3.13497931074039,3.8951129279174603
3.11041925196498,3.91475313104232,3.1104192519649803,3.9147531310423203
3.08573615320728,3.93423847685795,3.08573615320728,3.9342384768579506
3.06093099086557,3.95356819457547,3.06093099086557,3.9535681945754706
3.03600474616666,3.97274151956222,3.03600474616666,3.972741519562221
3.01095840512705,3.99175769337203,3.01095840512705,3.9917576933720302
2.98579295851393,4.01061596377522,2.9857929585139305,4.01061596377522
2.96050940180601,4.02931558478835,2.960509401806009,4.029315584788349
2.93510873515409,4.04785581670372,2.93510873515409,4.047855816703721
2.90959196334158,4.06623592611866,2.90959196334158,4.066235926118659
2.88396009574465,4.08445518596453,2.8839600957446496,4.084455185964529
2.85821414629239,4.10251287553544,2.8582141462923905,4.1025128755354405
2.83235513342667,4.12040828051682,2.83235513342667,4.12040828051682
2.80638408006183,4.13814069301366,2.8063840800618296,4.138140693013661
2.78030201354424,4.15570941157847,2.7803020135442393,4.15570941157847
2.75410996561167,4.17311374123909,2.754109965611669,4.17311374123909
2.72780897235246,4.19035299352613,2.727808972352458,4.190352993526128
2.70140007416453,4.20742648650025,2.7014000741645288,4.20742648650025
2.67488431571426,4.22433354477909,2.6748843157142597,4.224333544779091
2.6482627458951,4.24107349956401,2.6482627458950994,4.24107349956401
2.62153641778616,4.25764568866656,2.6215364177861593,4.25764568866656
2.59470638861048,4.27404945653463,2.59470638861048,4.27404945653463
2.56777371969326,4.29028415427844,2.567773719693259,4.290284154278439
2.54073947641985,4.30634913969615,2.5407394764198497,4.306349139696151
2.51360472819361,4.32224377729932,2.51360472819361,4.32224377729932
2.48637054839362,4.33796743833801,2.4863705483936194,4.33796743833801
2.45903801433221,4.35351950082564,2.45903801433221,4.353519500825641
2.43160820721233,4.36889934956364,2.4316082072123306,4.368899349563642
2.40408221208482,4.38410637616577,2.4040822120848206,4.38410637616577
2.37646111780545,4.39913997908215,2.376461117805451,4.39913997908215
2.34874601699185,4.4139995636231,2.34874601699185,4.413999563623101
2.32093800598033,4.42868454198265,2.32093800598033,4.428684541982651
2.29303818478245,4.44319433326178,2.29303818478245,4.443194333261779
2.26504765704157,4.45752836349142,2.265047657041571,4.457528363491422
2.23696752998914,4.47168606565514,2.23696752998914,4.471686065655141
2.20879891440092,4.48566687971157,2.20879891440092,4.4856668797115695
2.18054292455306,4.49947025261659,2.18054292455306,4.499470252616592
2.15220067817799,4.51309563834517,2.1522006781779894,4.51309563834517
2.12377329642024,4.52654249791298,2.12377329642024,4.526542497912979
2.09526190379205,4.53981029939773,2.095261903792051,4.5398102993977325
2.06666762812892,4.55289851796018,2.06666762812892,4.552898517960181
2.03799160054498,4.56580663586492,2.0379916005449807,4.565806635864922
2.00923495538826,4.57853414250085,2.0092349553882602,4.57853414250085
1.98039883019578,4.59108053440137,1.9803988301957804,4.591080534401371
1.95148436564863,4.60344531526431,1.95148436564863,4.603445315264309
1.92249270552675,4.61562799597156,1.9224927055267504,4.61562799597156
1.89342499666375,4.62762809460839,1.8934249966637502,4.62762809460839
1.86428238890154,4.63944513648255,1.8642823889015405,4.63944513648255
1.83506603504483,4.65107865414302,1.8350660350448305,4.65107865414302
1.80577709081551,4.66252818739854,1.8057770908155102,4.66252818739854
1.77641671480697,4.67379328333575,1.7764167148069705,4.67379328333575
1.74698606843826,4.68487349633719,1.7469860684382603,4.68487349633719
1.71748631590812,4.69576838809884,1.7174863159081202,4.6957683880988395
1.68791862414896,4.70647752764752,1.68791862414896,4.70647752764752
1.6582841627807,4.71700049135791,1.6582841627807,4.7170004913579096
1.62858410406445,4.72733686296932,1.6285841040644502,4.72733686296932
1.59881962285623,4.73748623360215,1.5988196228562306,4.7374862336021515
1.56899189656039,4.74744820177407,1.56899189656039,4.74744820177407
1.53910210508314,4.75722237341588,1.53910210508314,4.75722237341588
1.50915143078578,4.76680836188715,1.50915143078578,4.766808361887149
1.47914105843801,4.77620578799143,1.4791410584380102,4.776205787991431
1.44907217517101,4.78541427999135,1.4490721751710105,4.785414279991351
1.41894597043048,4.79443347362325,1.41894597043048,4.79443347362325
1.38876363592965,4.80326301211161,1.38876363592965,4.803263012111611
1.35852636560206,4.81190254618317,1.3585263656020599,4.81190254618317
1.32823535555438,4.82035173408075,1.32823535555438,4.82035173408075
1.29789180401908,4.82861024157677,1.2978918040190797,4.82861024157677
1.26749691130702,4.83667774198645,1.26749691130702,4.836677741986451
1.23705187976001,4.84455391618075,1.23705187976001,4.844553916180749
1.2065579137032,4.85223845259898,1.2065579137032,4.8522384525989795
1.17601621939745,4.85973104726117,1.17601621939745,4.85973104726117
1.14542800499165,4.86703140378001,1.1454280049916499,4.86703140378001
1.11479448047489,4.87413923337267,1.1147944804748897,4.87413923337267
1.0841168576286,4.88105425487215,1.0841168576286,4.881054254872149
1.05339634997863,4.88777619473843,1.05339634997863,4.8877761947384295
1.02263417274725,4.89430478706931,1.0226341727472499,4.89430478706931
0.991831542805065,4.90063977361088,0.9918315428050648,4.900639773610879
0.960989678622864,4.9067809037678,0.9609896786228641,4.9067809037678005
0.93010980022346,4.91272793461314,0.9301098002234599,4.91272793461314
0.899193129133399,4.91848063089805,0.8991931291333988,4.918480630898049
0.868240888334652,4.92403876506104,0.8682408883346519,4.924038765061039
0.837254302216232,4.92940211723698,0.8372543022162319,4.929402117236978
0.806234596525762,4.9345704752658,0.8062345965257619,4.934570475265799
0.77518299832099,4.93954363470089,0.7751829983209898,4.939543634700889
0.744100735921245,4.94432139881718,0.7441007359212449,4.944321398817179
0.712989038858854,4.94890357861892,0.7129890388588539,4.948903578618919
0.6818491378305,4.95328999284716,0.6818491378305,4.95328999284716
0.650682264648539,4.95748046798692,0.650682264648539,4.95748046798692
0.619489652192275,4.96147483827407,0.619489652192275,4.96147483827407
0.588272534359193,4.96527294570184,0.5882725343591929,4.965272945701839
0.557032146016141,4.96887464002712,0.5570321460161413,4.96887464002712
0.525769722950492,4.97227977877639,0.525769722950492,4.9722797787763895
0.494486501821249,4.97548822725133,0.49448650182124915,4.975488227251329
0.463183720110137,4.97849985853419,0.4631837201101371,4.978499858534189
0.431862616072643,4.98131455349277,0.43186261607264315,4.981314553492769
0.400524428689036,4.98393220078517,0.40052442868903615,4.983932200785168
0.369170397615361,4.98635269686416,0.36917039761536113,4.986352696864159
0.337801763134393,4.98857594598131,0.3378017631343931,4.988575945981309
0.306419766106583,4.99060186019073,0.30641976610658306,4.99060186019073
0.275025647920965,4.99243035935261,0.2750256479209651,4.99243035935261
0.24362065044606,4.99406137113635,0.24362065044606007,4.99406137113635
0.212206015980741,4.99549483102341,0.21220601598074101,4.99549483102341
0.180782987205095,4.9967306823099,0.18078298720509497,4.9967306823099
0.149352807131266,4.99776887610882,0.14935280713126606,4.99776887610882
0.117916719054285,4.99860937135194,0.11791671905428511,4.998609371351942
0.0864759665028874,4.9992521347915,0.08647596650288741,4.999252134791499
0.0550317931903241,4.99969714100147,0.055031793190324106,4.999697141001472
0.0235854429651611,4.99994437237857,0.023585442965161116,4.999944372378569
-0.00786184023792208,4.99999381914299,-0.007861840237922085,4.999993819142991
-0.039308812447341,4.99984547933873,-0.039308812447341024,4.99984547933873
-0.0707542297038104,4.99949935883374,-0.07075422970381036,4.999499358833741
-0.102196848109557,4.99895547131963,-0.10219684810955709,4.998955471319631
-0.133635423877524,4.99821383831115,-0.13363542387752403,4.998213838311151
-0.165068713380567,4.99727448914535,-0.16506871338056703,4.99727448914535
-0.196495473200656,4.9961374609804,-0.19649547320065597,4.9961374609804
-0.227914460178056,4.99480279879414,-0.227914460178056,4.99480279879414
-0.259324431460505,4.99327055538228,-0.259324431460505,4.9932705553822805
-0.290724144552379,4.99154079135634,-0.290724144552379,4.991540791356338
-0.32211235736384,4.98961357514122,-0.32211235736384,4.98961357514122
-0.353487828259973,4.9874889829725,-0.3534878282599728,4.987488982972499
-0.384849316109897,4.98516709889345,-0.3848493161098969,4.98516709889345
-0.416195580335864,4.98264801475168,-0.41619558033586385,4.982648014751678
-0.447525380962333,4.97993183019552,-0.44752538096233296,4.97993183019552
-0.47883747866502,4.97701865267006,-0.47883747866502,4.9770186526700595
-0.51013063481992,4.97390859741293,-0.5101306348199199,4.97390859741293
-0.541403611552309,4.9706017874497,-0.541403611552309,4.9706017874497
-0.572655171785704,4.96709835358905,-0.572655171785704,4.96709835358905
-0.603884079290805,4.9633984344176,-0.6038840792908049,4.963398434417599
-0.635089098734393,4.95950217629438,-0.6350890987343928,4.959502176294379
-0.666268995728197,4.9554097333451,-0.6662689957281969,4.955409733345099
-0.697422536877729,4.95112126745599,-0.697422536877729,4.9511212674559895
-0.728548489831058,4.94663694826747,-0.728548489831058,4.94663694826747
-0.759645623327578,4.94195695316736,-0.759645623327578,4.94195695316736
-0.790712707246704,4.93708146728394,-0.790712707246704,4.937081467283939
-0.821748512656531,4.93201068347857,-0.8217485126565309,4.93201068347857
-0.852751811862448,4.92674480233808,-0.852751811862448,4.926744802338079
-0.883721378455708,4.92128403216684,-0.8837213784557081,4.921284032166839
-0.914655987361933,4.91562858897852,-0.9146559873619332,4.915628588978519
-0.945554414889581,4.90977869648753,-0.9455544148895811,4.90977869648753
-0.976415438778349,4.9037345861002,-0.9764154387783489,4.9037345861001995
-1.00723783824753,4.89749649690558,-1.00723783824753,4.89749649690558
-1.03802039404428,4.89106467566604,-1.0380203940442798,4.891064675666039
-1.06876188849188,4.88443937680746,-1.0687618884918804,4.88443937680746
-1.09946110553789,4.87762086240919,-1.0994611055378898,4.87762086240919
-1.13011683080224,4.87060940219368,-1.1301168308022396,4.870609402193679
-1.16072785162531,4.8634052735158,-1.1607278516253097,4.8634052735158
-1.19129295711583,4.85600876135188,-1.1912929571158297,4.85600876135188
-1.22181093819883,4.84842015828844,-1.22181093819883,4.848420158288442
-1.25228058766349,4.84063976451059,-1.25228058766349,4.840639764510591
-1.28270070021082,4.83266788779021,-1.2827007002108202,4.832667887790211
-1.31307007250141,4.8245048434737,-1.31307007250141,4.8245048434737
-1.34338750320297,4.81615095446956,-1.3433875032029703,4.8161509544695615
-1.37365179303791,4.80760655123563,-1.3736517930379097,4.80760655123563
-1.40386174483075,4.79887197176595,-1.40386174483075,4.798871971765951
-1.43401616355545,4.78994756157744,-1.4340161635554503,4.789947561577442
-1.46411385638275,4.78083367369625,-1.4641138563827503,4.78083367369625
-1.4941536327273,4.77153066864374,-1.4941536327273,4.77153066864374
-1.52413430429477,4.76203891442226,-1.5241343042947701,4.76203891442226
-1.55405468512886,4.75235878650056,-1.55405468512886,4.752358786500561
-1.58391359165821,4.74249066779898,-1.5839135916582103,4.742490667798979
-1.61370984274325,4.73243494867426,-1.6137098427432497,4.7324349486742605
-1.64344225972284,4.72219202690414,-1.6434422597228402,4.722192026904139
-1.67310966646101,4.71176230767159,-1.6731096664610101,4.711762307671589
-1.70271088939337,4.70114620354879,-1.7027108893933705,4.701146203548789
-1.73224475757362,4.69034413448083,-1.7322447575736202,4.69034413448083
-1.76171010271982,4.67935652776906,-1.7617101027198205,4.679356527769061
-1.79110575926064,4.66818381805423,-1.79110575926064,4.66818381805423
-1.82043056438142,4.65682644729927,-1.8204305643814198,4.656826447299269
-1.84968335807022,4.64528486477181,-1.8496833580702203,4.645284864771812
-1.87886298316366,4.63355952702643,-1.87886298316366,4.6335595270264305
-1.90796828539274,4.62165089788654,-1.9079682853927393,4.621650897886539
-1.93699811342846,4.60955944842613,-1.9369981134284593,4.609559448426131
-1.96595131892739,4.59728565695103,-1.965951318927389,4.597285656951031
-1.99482675657708,4.58483000898007,-1.99482675657708,4.58483000898007
-2.02362328414137,4.57219299722583,-2.0236232841413697,4.572192997225831
-2.05233976250557,4.55937512157517,-2.0523397625055697,4.5593751215751706
-2.08097505572154,4.54637688906944,-2.0809750557215394,4.546376889069439
-2.1095280310526,4.53319881388445,-2.109528031052599,4.53319881388445
-2.13799755901834,4.51984141731008,-2.1379975590183395,4.51984141731008
-2.16638251343934,4.50630522772972,-2.16638251343934,4.506305227729721
-2.19468177148165,4.49259078059934,-2.19468177148165,4.49259078059934
-2.22289421370126,4.47869861842628,-2.22289421370126,4.47869861842628
-2.25101872408837,4.46462929074784,-2.25101872408837,4.46462929074784
-2.2790541901115,4.45038335410953,-2.2790541901115,4.450383354109531
-2.30699950276158,4.43596137204302,-2.3069995027615797,4.43596137204302
-2.33485355659574,4.42136391504389,-2.33485355659574,4.421363915043891
-2.36261524978106,4.40659156054904,-2.3626152497810597,4.4065915605490416
-2.39028348413818,4.39164489291384,-2.39028348413818,4.39164489291384
-2.41785716518472,4.37652450338907,-2.4178571651847207,4.376524503389071
-2.44533520217858,4.36123099009743,-2.4453352021785797,4.361230990097429
-2.4727165081611,4.34576495800999,-2.4727165081611,4.34576495800999
-2.5,4.33012701892219,-2.5,4.330127018922189
-2.52718459843232,4.31431779142966,-2.5271845984323202,4.3143177914296595
-2.55426922810704,4.29833790090373,-2.55426922810704,4.298337900903728
-2.58125281762764,4.28218797946673,-2.581252817627641,4.2821879794667295
-2.60813429959449,4.26586866596696,-2.6081342995944907,4.26586866596696
-2.63491261064705,4.24938060595343,-2.6349126106470506,4.24938060595343
-2.66158669150596,4.2327244516503,-2.6615866915059607,4.2327244516502995
-2.68815548701494,4.21590086193111,-2.6881554870149396,4.215900861931108
-2.71461794618249,4.1989105022927,-2.71461794618249,4.198910502292699
-2.74097302222355,4.18175404482888,-2.7409730222235495,4.181754044828878
-2.76721967260079,4.16443216820387,-2.76721967260079,4.164432168203872
-2.79335685906596,4.14694555762541,-2.79335685906596,4.14694555762541
-2.81938354770089,4.12929490481772,-2.81938354770089,4.129294904817721
-2.84529870895842,4.11148090799405,-2.8452987089584196,4.111480907994051
-2.87110131770312,4.09350427182914,-2.87110131770312,4.09350427182914
-2.89679035325183,4.07536570743131,-2.8967903532518298,4.0753657074313105
-2.92236479941407,4.05706593231433,-2.9223647994140682,4.0570659323143285
-2.9478236445322,4.03860567036904,-2.9478236445321997,4.038605670369039
-2.97316588152143,4.0199856518347,-2.973165881521429,4.019985651834699
-2.99839050790972,4.00120661327016,-2.9983905079097193,4.001206613270159
-3.02349652587738,3.98226929752465,-3.02349652587738,3.9822692975246508
-3.04848294229653,3.96317445370842,-3.04848294229653,3.9631744537084197
-3.07334876877046,3.94392283716316,-3.0733487687704595,3.94392283716316
-3.09809302167264,3.92451520943202,-3.098093021672639,3.9245152094320197
-3.12271472218569,3.90495233822959,-3.12271472218569,3.90495233822959
-3.14721289634008,3.88523499741144,-3.1472128963400805,3.8852349974114397
-3.17158657505264,3.86536396694359,-3.17158657505264,3.8653639669435895
-3.19583479416492,3.84534003287158,-3.1958347941649206,3.845340032871579
-3.21995659448134,3.82516398728945,-3.2199565944813395,3.82516398728945
-3.24395102180709,3.80483662830834,-3.2439510218070895,3.80483662830834
-3.2678171269859,3.78435876002496,-3.267817126985899,3.784358760024961
-3.29155396593759,3.76373119248977,-3.29155396593759,3.763731192489771
-3.31516059969543,3.74295474167495,-3.3151605996954294,3.742954741674951
-3.33863609444324,3.72203022944209,-3.3386360944432405,3.7220302294420913
-3.36197952155236,3.70095848350972,-3.3619795215523585,3.7009584835097207
-3.38518995761838,3.67974033742052,-3.3851899576183806,3.6797403374205206
-3.40826648449766,3.65837663050839,-3.4082664844976596,3.65837663050839
-3.43120818934367,3.63686820786524,-3.431208189343669,3.6368682078652403
-3.45401416464305,3.61521592030755,-3.45401416464305,3.6152159203075493
-3.47668350825159,3.59342062434269,-3.47668350825159,3.593420624342691
-3.49921532342983,3.5714831821351,-3.4992153234298295,3.5714831821350996
-3.52160871887858,3.54940446147214,-3.521608718878579,3.54940446147214
-3.54386280877419,3.52718533572977,-3.5438628087741897,3.5271853357297704
-3.56597671280355,3.50482668383799,-3.5659767128035496,3.504826683837991
-3.58794955619894,3.48232939024611,-3.5879495561989385,3.4823293902461105
-3.60978046977262,3.45969434488773,-3.609780469772619,3.4596943448877298
-3.63146858995123,3.43692244314555,-3.631468589951229,3.4369224431455487
-3.65301305880994,3.41401458581595,-3.6530130588099405,3.41401458581595
-3.67441302410638,3.39097167907333,-3.6744130241063804,3.3909716790733304
-3.69566763931436,3.36779463443433,-3.69566763931436,3.3677946344343286
-3.71677606365735,3.3444843687217,-3.7167760636573495,3.3444843687217
-3.73773746214177,3.32104180402807,-3.7377374621417703,3.3210418040280714
-3.75855100558997,3.29746786767948,-3.7585510055899705,3.29746786767948
-3.77921587067306,3.27376349219868,-3.77921587067306,3.2737634921986785
-3.79973123994349,3.24992961526823,-3.799731239943489,3.2499296152682287
-3.82009630186734,3.22596717969347,-3.82009630186734,3.2259671796934697
-3.8403102508565,3.20187713336513,-3.8403102508564997,3.2018771333651297
-3.86037228730043,3.17766042922192,-3.8603722873004296,3.1776604292219206
-3.88028161759789,3.15331802521279,-3.880281617597889,3.1533180252127897
-3.90003745418829,3.12885088425903,-3.9000374541882894,3.1288508842590295
-3.91963901558283,3.10425997421622,-3.919639015582829,3.1042599742162196
-3.93908552639543,3.0795462678359,-3.939085526395429,3.0795462678358994
-3.95837621737343,3.05471074272712,-3.9583762173734294,3.05471074272712
-3.97751032542795,3.02975438131774,-3.9775103254279496,3.029754381317739
-3.99648709366415,3.00467817081562,-3.996487093664151,3.00467817081562
-4.01530577141113,2.97948310316949,-4.015305771411131,2.97948310316949
-4.03396561425162,2.95417017502979,-4.03396561425162,2.9541701750297897
-4.05246588405146,2.9287403877092,-4.052465884051459,2.9287403877092006
-4.07080584898876,2.90319474714303,-4.070805848988759,2.9031947471430297
-4.08898478358289,2.87753426384945,-4.08898478358289,2.8775342638494497
-4.10700196872313,2.85175995288951,-4.10700196872313,2.85175995288951
-4.12485669169715,2.82587283382696,-4.124856691697149,2.8258728338269594
-4.14254824621921,2.79987393068798,-4.142548246219209,2.7998739306879794
-4.16007593245807,2.77376427192059,-4.16007593245807,2.7737642719205895
-4.17743905706468,2.74754489035403,-4.177439057064681,2.74754489035403
-4.19463693319964,2.7212168231579,-4.194636933199639,2.7212168231578997
-4.21166888056031,2.69478111180108,-4.2116688805603095,2.6947811118010785
-4.22853422540778,2.66823880201061,-4.22853422540778,2.66823880201061
-4.24523230059349,2.64159094373026,-4.24523230059349,2.6415909437302596
-4.26176244558562,2.61483859107901,-4.26176244558562,2.6148385910790095
-4.27812400649523,2.58798280230939,-4.278124006495231,2.5879828023093903
-4.29431633610213,2.56102463976557,-4.2943163361021295,2.56102463976557
-4.31033879388046,2.53396516984136,-4.310338793880461,2.5339651698413603
-4.32619074602404,2.50680546293803,-4.326190746024041,2.50680546293803
-4.34187156547146,2.47954659342195,-4.341871565471463,2.4795465934219503
-4.35738063193086,2.4521896395821,-4.357380631930861,2.4521896395821
-4.37271733190447,2.42473568358744,-4.37271733190447,2.4247356835874396
-4.38788105871289,2.39718581144405,-4.38788105871289,2.39718581144405
-4.40287121251907,2.36954111295222,-4.40287121251907,2.3695411129522195
-4.41768720035208,2.3418026816633,-4.417687200352079,2.3418026816632995
-4.43232843613049,2.3139716148365,-4.43232843613049,2.3139716148364995
-4.44679434068565,2.2860490133954,-4.44679434068565,2.286049013395399
-4.46108434178452,2.25803598188448,-4.46108434178452,2.258035981884479
-4.47519787415234,2.22993362842538,-4.47519787415234,2.229933628425379
-4.489134379495,2.2017430646731,-4.489134379495001,2.2017430646731
-4.50289330652109,2.17346540577198,-4.502893306521089,2.1734654057719798
-4.51647411096376,2.14510177031163,-4.516474110963759,2.14510177031163
-4.5298762556022,2.11665328028267,-4.5298762556022,2.11665328028267
-4.54309921028291,2.08812106103234,-4.54309921028291,2.0881210610323406
-4.55614245194068,2.05950624121996,-4.556142451940681,2.0595062412199607
-4.56900546461927,2.03080995277236,-4.569005464619268,2.0308099527723598
-4.58168773949181,2.00203333083902,-4.581687739491809,2.002033330839021
-4.59418877488098,1.9731775137472,-4.594188774880981,1.9731775137472003
-4.60650807627877,1.94424364295694,-4.606508076278771,1.9442436429569403
-4.61864515636611,1.91523286301584,-4.61864515636611,1.91523286301584
-4.63059953503213,1.88614632151385,-4.630599535032131,1.8861463215138499
-4.64237073939313,1.85698516903784,-4.64237073939313,1.8569851690378396
-4.65395830381131,1.8277505591261,-4.653958303811311,1.8277505591261
-4.66536176991319,1.79844364822268,-4.665361769913189,1.7984436482226793
-4.67658068660771,1.76906559563169,-4.676580686607711,1.7690655956316899
-4.68761461010414,1.73961756347142,-4.687614610104139,1.7396175634714197
-4.69846310392954,1.71010071662834,-4.698463103929541,1.7101007166283402
-4.70912573894612,1.68051622271108,-4.70912573894612,1.6805162227110797
-4.71960209336816,1.65086525200419,-4.719602093368162,1.6508652520041902
-4.72989175277871,1.62114897742186,-4.729891752778712,1.6211489774218597
-4.73999431014598,1.59136857446154,-4.73999431014598,1.5913685744615398
-4.74990936583944,1.56152522115745,-4.749909365839441,1.56152522115745
-4.75963652764563,1.53162009803392,-4.75963652764563,1.5316200980339199
-4.7691754107837,1.50165438805875,-4.769175410783699,1.50165438805875
-4.77852563792058,1.47162927659641,-4.778525637920579,1.4716292765964096
-4.78768683918595,1.44154595136111,-4.787686839185947,1.44154595136111
-4.79665865218685,1.41140560236986,-4.796658652186849,1.41140560236986
-4.80544072202201,1.38120942189537,-4.805440722022009,1.38120942189537
-4.81403270129592,1.35095860441891,-4.814032701295919,1.35095860441891
-4.82243425013253,1.32065434658303,-4.82243425013253,1.3206543465830303
-4.83064503618874,1.29029784714425,-4.830645036188739,1.2902978471442499
-4.83866473466749,1.25989030692563,-4.83866473466749,1.2598903069256304
-4.84649302833068,1.22943292876925,-4.846493028330679,1.2294329287692498
-4.85412960751164,1.19892691748868,-4.85412960751164,1.19892691748868
-4.86157417012745,1.16837347982126,-4.861574170127449,1.16837347982126
-4.86882642169083,1.13777382438041,-4.86882642169083,1.1377738243804103
-4.87588607532186,1.1071291616078,-4.875886075321859,1.1071291616078003
-4.88275285175925,1.07644070372545,-4.8827528517592516,1.0764407037254504
-4.88942647937143,1.04570966468784,-4.889426479371431,1.0457096646878403
-4.89590669416729,1.01493726013381,-4.895906694167289,1.01493726013381
-4.90219323980663,0.984124707338528,-4.90219323980663,0.9841247073385281
-4.90828586761029,0.953273225165324,-4.9082858676102905,0.953273225165324
-4.91418433656997,0.922384034017463,-4.914184336569972,0.9223840340174632
-4.91988841335781,0.891458355789879,-4.919888413357811,0.8914583557898791
-4.92539787233556,0.860497413820846,-4.92539787233556,0.8604974138208459
-4.93071249556356,0.829502432843566,-4.930712495563561,0.8295024328435658
-4.93583207280933,0.798474638937749,-4.9358320728093315,0.798474638937749
-4.9407564015559,0.767415259481081,-4.940756401555901,0.7674152594810809
-4.94548528700981,0.736325523100708,-4.94548528700981,0.736325523100708
-4.95001854210882,0.705206659624597,-4.950018542108822,0.7052066596245969
-4.95435598752932,0.674059900032923,-4.954355987529322,0.674059900032923
-4.9584974516934,0.642886476409344,-4.9584974516933995,0.642886476409344
-4.96244277077567,0.611687621892289,-4.96244277077567,0.6116876218922889
-4.96619178870971,0.580464570626152,-4.966191788709711,0.580464570626152
-4.96974435719426,0.549218557712499,-4.969744357194264,0.5492185577124992
-4.97310033569907,0.517950819161198,-4.97310033569907,0.517950819161198
-4.9762595914705,0.486662591841512,-4.976259591470501,0.48666259184151195
-4.9792219995367,0.455355113433205,-4.979221999536701,0.45535511343320506
-4.98198744271263,0.424029622377545,-4.981987442712631,0.42402962237754527
-4.98455581160466,0.39268735782835,-4.984555811604661,0.39268735782835
-4.98692700461488,0.361329559602935,-4.9869270046148815,0.36132955960293506
-4.98910092794515,0.329957468133105,-4.989100927945149,0.329957468133105
-4.9910774956008,0.298572324416049,-4.991077495600801,0.2985723244160491
-4.99285662939403,0.267175369965287,-4.992856629394029,0.267175369965287
-4.99443825894699,0.235767846761529,-4.99443825894699,0.23576784676152904
-4.99582232169459,0.204350997203558,-4.995822321694589,0.204350997203558
-4.99700876288696,0.172926064059087,-4.997008762886959,0.17292606405908698
-4.99799753559161,0.141494290415591,-4.997997535591609,0.14149429041559097
-4.9987886006953,0.110056919631139,-4.998788600695299,0.110056919631139
-4.99938192690559,0.0786151952852042,-4.999381926905589,0.07861519528520419
-4.99977749075205,0.0471703611294852,-4.999777490752049,0.04717036112948519
-4.99997527658723,0.0157236610386812,-4.9999752765872305,0.015723661038681197
-4.99997527658723,-0.01572366103868,-4.99997527658723,-0.015723661038679993
-4.99977749075205,-0.047170361129484,-4.9997774907520505,-0.04717036112948401
-4.99938192690559,-0.078615195285205,-4.99938192690559,-0.07861519528520503
-4.9987886006953,-0.110056919631138,-4.998788600695299,-0.11005691963113798
-4.99799753559161,-0.14149429041559,-4.99799753559161,-0.14149429041559
-4.99700876288696,-0.172926064059086,-4.99700876288696,-0.17292606405908595
-4.99582232169459,-0.204350997203557,-4.99582232169459,-0.204350997203557
-4.99443825894699,-0.235767846761528,-4.994438258946991,-0.23576784676152807
-4.99285662939403,-0.267175369965286,-4.992856629394031,-0.26717536996528607
-4.9910774956008,-0.298572324416048,-4.991077495600799,-0.2985723244160481
-4.98910092794515,-0.329957468133101,-4.989100927945148,-0.329957468133101
-4.98692700461488,-0.361329559602933,-4.986927004614881,-0.36132955960293306
-4.98455581160466,-0.392687357828346,-4.984555811604659,-0.39268735782834613
-4.98198744271263,-0.424029622377546,-4.98198744271263,-0.42402962237754616
-4.9792219995367,-0.455355113433204,-4.9792219995367,-0.4553551134332042
-4.9762595914705,-0.486662591841513,-4.9762595914705,-0.48666259184151317
-4.97310033569907,-0.517950819161196,-4.973100335699068,-0.517950819161196
-4.96974435719426,-0.5492185577125,-4.969744357194259,-0.5492185577125002
-4.96619178870971,-0.580464570626151,-4.96619178870971,-0.580464570626151
-4.96244277077568,-0.611687621892285,-4.962442770775681,-0.6116876218922851
-4.9584974516934,-0.642886476409342,-4.958497451693399,-0.6428864764093422
-4.95435598752932,-0.67405990003292,-4.954355987529321,-0.6740599000329202
-4.95001854210882,-0.705206659624595,-4.950018542108819,-0.7052066596245952
-4.94548528700981,-0.736325523100704,-4.945485287009809,-0.7363255231007039
-4.9407564015559,-0.767415259481082,-4.9407564015559,-0.7674152594810821
-4.93583207280933,-0.798474638937745,-4.93583207280933,-0.7984746389377451
-4.93071249556356,-0.829502432843567,-4.93071249556356,-0.8295024328435668
-4.92539787233556,-0.860497413820843,-4.925397872335559,-0.860497413820843
-4.91988841335781,-0.89145835578988,-4.91988841335781,-0.8914583557898799
-4.91418433656997,-0.922384034017461,-4.914184336569971,-0.9223840340174612
-4.90828586761029,-0.953273225165322,-4.908285867610289,-0.9532732251653221
-4.90219323980663,-0.984124707338526,-4.902193239806631,-0.984124707338526
-4.89590669416729,-1.01493726013381,-4.895906694167288,-1.0149372601338098
-4.88942647937143,-1.04570966468784,-4.889426479371428,-1.0457096646878399
-4.88275285175925,-1.07644070372545,-4.882752851759251,-1.0764407037254502
-4.87588607532186,-1.1071291616078,-4.875886075321862,-1.1071291616077996
-4.86882642169083,-1.13777382438041,-4.868826421690829,-1.13777382438041
-4.86157417012744,-1.16837347982126,-4.86157417012744,-1.16837347982126
-4.85412960751164,-1.19892691748868,-4.85412960751164,-1.1989269174886799
-4.84649302833068,-1.22943292876925,-4.846493028330679,-1.2294329287692496
-4.83866473466749,-1.25989030692562,-4.838664734667489,-1.2598903069256195
-4.83064503618874,-1.29029784714425,-4.83064503618874,-1.2902978471442499
-4.82243425013254,-1.32065434658303,-4.822434250132539,-1.3206543465830294
-4.81403270129592,-1.35095860441891,-4.81403270129592,-1.3509586044189097
-4.80544072202201,-1.38120942189537,-4.805440722022009,-1.3812094218953694
-4.79665865218685,-1.41140560236986,-4.79665865218685,-1.41140560236986
-4.78768683918595,-1.44154595136111,-4.78768683918595,-1.4415459513611097
-4.77852563792058,-1.47162927659641,-4.77852563792058,-1.4716292765964099
-4.7691754107837,-1.50165438805875,-4.769175410783698,-1.5016543880587496
-4.75963652764563,-1.53162009803392,-4.759636527645629,-1.5316200980339196
-4.74990936583943,-1.56152522115745,-4.74990936583943,-1.56152522115745
-4.73999431014598,-1.59136857446154,-4.739994310145981,-1.5913685744615402
-4.72989175277871,-1.62114897742185,-4.729891752778712,-1.62114897742185
-4.71960209336817,-1.65086525200418,-4.719602093368169,-1.6508652520041802
-4.70912573894612,-1.68051622271108,-4.70912573894612,-1.6805162227110797
-4.69846310392954,-1.71010071662834,-4.698463103929539,-1.7101007166283397
-4.68761461010414,-1.73961756347142,-4.68761461010414,-1.73961756347142
-4.67658068660772,-1.76906559563169,-4.67658068660772,-1.7690655956316899
-4.66536176991319,-1.79844364822268,-4.665361769913189,-1.7984436482226798
-4.65395830381131,-1.8277505591261,-4.65395830381131,-1.8277505591261003
-4.64237073939313,-1.85698516903784,-4.642370739393132,-1.8569851690378403
-4.63059953503213,-1.88614632151385,-4.630599535032133,-1.8861463215138508
-4.61864515636611,-1.91523286301584,-4.61864515636611,-1.9152328630158397
-4.60650807627877,-1.94424364295694,-4.606508076278772,-1.9442436429569399
-4.59418877488098,-1.9731775137472,-4.59418877488098,-1.9731775137472005
-4.58168773949182,-2.00203333083902,-4.58168773949182,-2.00203333083902
-4.56900546461927,-2.03080995277236,-4.56900546461927,-2.0308099527723593
-4.55614245194068,-2.05950624121996,-4.556142451940681,-2.0595062412199594
-4.54309921028291,-2.08812106103233,-4.543099210282911,-2.0881210610323295
-4.5298762556022,-2.11665328028267,-4.529876255602201,-2.1166532802826694
-4.51647411096376,-2.14510177031163,-4.5164741109637605,-2.14510177031163
-4.50289330652109,-2.17346540577198,-4.502893306521091,-2.1734654057719798
-4.489134379495,-2.2017430646731,-4.489134379495,-2.2017430646730993
-4.47519787415234,-2.22993362842538,-4.475197874152341,-2.229933628425381
-4.46108434178452,-2.25803598188447,-4.461084341784521,-2.258035981884471
-4.44679434068565,-2.28604901339539,-4.446794340685649,-2.2860490133953904
-4.43232843613049,-2.3139716148365,-4.432328436130489,-2.3139716148365004
-4.41768720035208,-2.3418026816633,-4.41768720035208,-2.3418026816633
-4.40287121251907,-2.36954111295222,-4.402871212519071,-2.3695411129522204
-4.38788105871289,-2.39718581144405,-4.387881058712891,-2.397185811444049
-4.37271733190447,-2.42473568358744,-4.37271733190447,-2.424735683587439
-4.35738063193086,-2.4521896395821,-4.35738063193086,-2.4521896395820995
-4.34187156547146,-2.47954659342195,-4.34187156547146,-2.47954659342195
-4.32619074602404,-2.50680546293803,-4.32619074602404,-2.50680546293803
-4.31033879388046,-2.53396516984136,-4.31033879388046,-2.533965169841359
-4.29431633610213,-2.56102463976557,-4.294316336102129,-2.561024639765569
-4.27812400649523,-2.58798280230939,-4.278124006495229,-2.58798280230939
-4.26176244558562,-2.61483859107901,-4.261762445585619,-2.6148385910790095
-4.24523230059349,-2.64159094373026,-4.245232300593489,-2.6415909437302596
-4.22853422540778,-2.66823880201061,-4.228534225407779,-2.66823880201061
-4.21166888056031,-2.69478111180108,-4.2116688805603095,-2.69478111180108
-4.19463693319964,-2.72121682315789,-4.194636933199639,-2.7212168231578904
-4.17743905706468,-2.74754489035403,-4.177439057064679,-2.7475448903540296
-4.16007593245807,-2.77376427192059,-4.16007593245807,-2.77376427192059
-4.14254824621921,-2.79987393068798,-4.142548246219209,-2.7998739306879794
-4.12485669169715,-2.82587283382696,-4.124856691697148,-2.8258728338269594
-4.10700196872313,-2.85175995288951,-4.107001968723128,-2.8517599528895086
-4.08898478358289,-2.87753426384945,-4.08898478358289,-2.8775342638494505
-4.07080584898876,-2.90319474714303,-4.070805848988759,-2.90319474714303
-4.05246588405146,-2.9287403877092,-4.05246588405146,-2.9287403877092
-4.03396561425162,-2.95417017502979,-4.03396561425162,-2.95417017502979
-4.01530577141113,-2.97948310316949,-4.01530577141113,-2.97948310316949
-3.99648709366415,-3.00467817081561,-3.9964870936641503,-3.00467817081561
-3.97751032542795,-3.02975438131774,-3.97751032542795,-3.0297543813177397
-3.95837621737343,-3.05471074272711,-3.95837621737343,-3.054710742727111
-3.93908552639543,-3.0795462678359,-3.93908552639543,-3.0795462678359002
-3.91963901558283,-3.10425997421622,-3.91963901558283,-3.1042599742162205
-3.90003745418829,-3.12885088425903,-3.9000374541882894,-3.1288508842590295
-3.8802816175979,-3.15331802521279,-3.880281617597899,-3.1533180252127893
-3.86037228730043,-3.17766042922192,-3.8603722873004305,-3.1776604292219206
-3.8403102508565,-3.20187713336513,-3.8403102508564997,-3.2018771333651297
-3.82009630186735,-3.22596717969347,-3.820096301867351,-3.225967179693471
-3.79973123994349,-3.24992961526823,-3.7997312399434886,-3.2499296152682295
-3.77921587067306,-3.27376349219867,-3.7792158706730605,-3.2737634921986696
-3.75855100558997,-3.29746786767948,-3.7585510055899696,-3.2974678676794795
-3.73773746214177,-3.32104180402807,-3.7377374621417685,-3.3210418040280687
-3.71677606365735,-3.3444843687217,-3.7167760636573504,-3.3444843687216985
-3.69566763931436,-3.36779463443433,-3.69566763931436,-3.3677946344343295
-3.67441302410638,-3.39097167907333,-3.674413024106381,-3.39097167907333
-3.65301305880994,-3.41401458581594,-3.65301305880994,-3.4140145858159396
-3.63146858995124,-3.43692244314555,-3.6314685899512407,-3.4369224431455496
-3.60978046977262,-3.45969434488773,-3.6097804697726197,-3.4596943448877298
-3.58794955619894,-3.48232939024611,-3.5879495561989394,-3.4823293902461097
-3.56597671280355,-3.50482668383799,-3.5659767128035504,-3.50482668383799
-3.54386280877419,-3.52718533572976,-3.5438628087741897,-3.5271853357297593
-3.52160871887858,-3.54940446147214,-3.5216087188785785,-3.5494044614721396
-3.49921532342983,-3.5714831821351,-3.49921532342983,-3.5714831821350996
-3.47668350825159,-3.59342062434269,-3.47668350825159,-3.59342062434269
-3.45401416464306,-3.61521592030754,-3.4540141646430595,-3.6152159203075405
-3.43120818934367,-3.63686820786524,-3.43120818934367,-3.6368682078652395
-3.40826648449766,-3.65837663050839,-3.40826648449766,-3.658376630508391
-3.38518995761838,-3.67974033742052,-3.3851899576183797,-3.6797403374205198
-3.36197952155236,-3.70095848350972,-3.3619795215523594,-3.7009584835097207
-3.33863609444324,-3.72203022944209,-3.33863609444324,-3.72203022944209
-3.31516059969543,-3.74295474167495,-3.3151605996954303,-3.7429547416749513
-3.29155396593759,-3.76373119248977,-3.29155396593759,-3.7637311924897707
-3.2678171269859,-3.78435876002496,-3.2678171269858987,-3.7843587600249586
-3.24395102180709,-3.80483662830834,-3.2439510218070886,-3.8048366283083386
-3.21995659448134,-3.82516398728945,-3.2199565944813395,-3.8251639872894496
-3.19583479416492,-3.84534003287158,-3.195834794164919,-3.8453400328715786
-3.17158657505264,-3.86536396694359,-3.1715865750526406,-3.8653639669435895
-3.14721289634008,-3.88523499741144,-3.1472128963400796,-3.885234997411439
-3.1227147221857,-3.90495233822959,-3.1227147221857,-3.904952338229589
-3.09809302167264,-3.92451520943202,-3.0980930216726397,-3.9245152094320197
-3.07334876877046,-3.94392283716316,-3.073348768770459,-3.94392283716316
-3.04848294229654,-3.96317445370842,-3.048482942296539,-3.9631744537084197
-3.02349652587738,-3.98226929752464,-3.0234965258773796,-3.98226929752464
-2.99839050790973,-4.00120661327016,-2.99839050790973,-4.00120661327016
-2.97316588152144,-4.0199856518347,-2.9731658815214397,-4.0199856518347
-2.9478236445322,-4.03860567036903,-2.9478236445322,-4.03860567036903
-2.92236479941408,-4.05706593231433,-2.9223647994140793,-4.05706593231433
-2.89679035325184,-4.07536570743131,-2.89679035325184,-4.07536570743131
-2.87110131770312,-4.09350427182914,-2.87110131770312,-4.09350427182914
-2.84529870895842,-4.11148090799405,-2.845298708958421,-4.111480907994052
-2.81938354770089,-4.12929490481772,-2.81938354770089,-4.129294904817719
-2.79335685906596,-4.14694555762541,-2.79335685906596,-4.146945557625411
-2.76721967260079,-4.16443216820387,-2.767219672600789,-4.164432168203869
-2.74097302222355,-4.18175404482888,-2.740973022223549,-4.181754044828879
-2.7146179461825,-4.1989105022927,-2.7146179461825,-4.1989105022927
-2.68815548701494,-4.21590086193111,-2.6881554870149396,-4.21590086193111
-2.66158669150596,-4.2327244516503,-2.661586691505959,-4.2327244516502995
-2.63491261064705,-4.24938060595343,-2.634912610647049,-4.249380605953428
-2.60813429959449,-4.26586866596696,-2.608134299594489,-4.26586866596696
-2.58125281762765,-4.28218797946673,-2.5812528176276492,-4.28218797946673
-2.55426922810704,-4.29833790090373,-2.554269228107039,-4.29833790090373
-2.52718459843232,-4.31431779142966,-2.5271845984323194,-4.31431779142966
-2.5,-4.33012701892219,-2.4999999999999996,-4.33012701892219
-2.4727165081611,-4.34576495800999,-2.472716508161099,-4.345764958009991
-2.44533520217858,-4.36123099009743,-2.4453352021785792,-4.361230990097429
-2.41785716518472,-4.37652450338906,-2.4178571651847194,-4.37652450338906
-2.39028348413818,-4.39164489291384,-2.390283484138179,-4.39164489291384
-2.36261524978106,-4.40659156054903,-2.3626152497810597,-4.406591560549031
-2.33485355659574,-4.42136391504389,-2.33485355659574,-4.42136391504389
-2.30699950276159,-4.43596137204302,-2.30699950276159,-4.43596137204302
-2.27905419011151,-4.45038335410953,-2.27905419011151,-4.45038335410953
-2.25101872408836,-4.46462929074784,-2.2510187240883592,-4.46462929074784
-2.22289421370126,-4.47869861842628,-2.2228942137012595,-4.4786986184262805
-2.19468177148165,-4.49259078059934,-2.1946817714816493,-4.49259078059934
-2.16638251343935,-4.50630522772972,-2.16638251343935,-4.50630522772972
-2.13799755901834,-4.51984141731008,-2.137997559018339,-4.51984141731008
-2.1095280310526,-4.53319881388445,-2.1095280310526,-4.53319881388445
-2.08097505572154,-4.54637688906944,-2.0809750557215394,-4.546376889069438
-2.05233976250557,-4.55937512157517,-2.0523397625055693,-4.559375121575168
-2.02362328414137,-4.57219299722583,-2.0236232841413697,-4.572192997225829
-1.99482675657708,-4.58483000898007,-1.9948267565770796,-4.58483000898007
-1.9659513189274,-4.59728565695103,-1.9659513189273996,-4.597285656951028
-1.93699811342846,-4.60955944842613,-1.9369981134284597,-4.60955944842613
-1.90796828539274,-4.62165089788654,-1.9079682853927398,-4.621650897886538
-1.87886298316366,-4.63355952702642,-1.8788629831636605,-4.633559527026419
-1.84968335807022,-4.64528486477181,-1.84968335807022,-4.645284864771808
-1.82043056438142,-4.65682644729927,-1.82043056438142,-4.656826447299269
-1.79110575926064,-4.66818381805423,-1.7911057592606403,-4.66818381805423
-1.76171010271982,-4.67935652776906,-1.76171010271982,-4.679356527769059
-1.73224475757362,-4.69034413448083,-1.7322447575736204,-4.69034413448083
-1.70271088939337,-4.7011462035488,-1.7027108893933696,-4.701146203548799
-1.67310966646101,-4.71176230767159,-1.6731096664610097,-4.711762307671591
-1.64344225972285,-4.72219202690414,-1.6434422597228504,-4.722192026904139
-1.61370984274325,-4.73243494867426,-1.61370984274325,-4.73243494867426
-1.58391359165821,-4.74249066779898,-1.5839135916582099,-4.742490667798979
-1.55405468512886,-4.75235878650056,-1.55405468512886,-4.75235878650056
-1.52413430429477,-4.76203891442226,-1.5241343042947704,-4.76203891442226
-1.4941536327273,-4.77153066864375,-1.4941536327273002,-4.77153066864375
-1.46411385638275,-4.78083367369625,-1.46411385638275,-4.780833673696251
-1.43401616355545,-4.78994756157744,-1.4340161635554498,-4.789947561577441
-1.40386174483075,-4.79887197176594,-1.4038617448307504,-4.798871971765942
-1.37365179303791,-4.80760655123563,-1.3736517930379102,-4.80760655123563
-1.34338750320297,-4.81615095446956,-1.3433875032029703,-4.81615095446956
-1.31307007250141,-4.82450484347369,-1.3130700725014106,-4.824504843473691
-1.28270070021083,-4.83266788779021,-1.2827007002108304,-4.83266788779021
-1.25228058766349,-4.84063976451059,-1.25228058766349,-4.84063976451059
-1.22181093819884,-4.84842015828844,-1.22181093819884,-4.84842015828844
-1.19129295711583,-4.85600876135188,-1.19129295711583,-4.856008761351881
-1.16072785162531,-4.8634052735158,-1.16072785162531,-4.8634052735158
-1.13011683080224,-4.87060940219368,-1.1301168308022398,-4.87060940219368
-1.09946110553789,-4.87762086240919,-1.09946110553789,-4.877620862409189
-1.06876188849188,-4.88443937680746,-1.0687618884918797,-4.884439376807459
-1.03802039404427,-4.89106467566604,-1.0380203940442698,-4.89106467566604
-1.00723783824753,-4.89749649690558,-1.00723783824753,-4.89749649690558
-0.976415438778353,-4.9037345861002,-0.9764154387783527,-4.9037345861001995
-0.945554414889582,-4.90977869648753,-0.9455544148895819,-4.909778696487529
-0.914655987361933,-4.91562858897852,-0.9146559873619328,-4.915628588978519
-0.883721378455709,-4.92128403216684,-0.8837213784557089,-4.921284032166839
-0.852751811862452,-4.92674480233808,-0.852751811862452,-4.92674480233808
-0.821748512656532,-4.93201068347857,-0.8217485126565321,-4.93201068347857
-0.790712707246703,-4.93708146728394,-0.7907127072467031,-4.93708146728394
-0.75964562332758,-4.94195695316736,-0.7596456233275798,-4.9419569531673595
-0.728548489831057,-4.94663694826747,-0.7285484898310571,-4.94663694826747
-0.69742253687773,-4.95112126745599,-0.69742253687773,-4.951121267455988
-0.666268995728199,-4.9554097333451,-0.666268995728199,-4.955409733345098
-0.635089098734396,-4.95950217629438,-0.635089098734396,-4.95950217629438
-0.603884079290806,-4.9633984344176,-0.603884079290806,-4.9633984344176
-0.572655171785702,-4.96709835358905,-0.5726551717857021,-4.967098353589051
-0.54140361155231,-4.9706017874497,-0.5414036115523101,-4.9706017874497
-0.510130634819923,-4.97390859741293,-0.5101306348199233,-4.973908597412928
-0.478837478665021,-4.97701865267006,-0.4788374786650211,-4.9770186526700595
-0.447525380962332,-4.97993183019552,-0.4475253809623321,-4.979931830195518
-0.416195580335865,-4.98264801475168,-0.4161955803358651,-4.982648014751681
-0.384849316109896,-4.98516709889345,-0.3848493161098961,-4.98516709889345
-0.353487828259975,-4.9874889829725,-0.3534878282599751,-4.987488982972501
-0.32211235736384,-4.98961357514122,-0.32211235736384,-4.98961357514122
-0.290724144552381,-4.99154079135634,-0.29072414455238105,-4.991540791356341
-0.259324431460505,-4.99327055538228,-0.2593244314605051,-4.99327055538228
-0.227914460178059,-4.99480279879414,-0.22791446017805905,-4.994802798794142
-0.196495473200657,-4.9961374609804,-0.19649547320065702,-4.9961374609804015
-0.16506871338057,-4.99727448914535,-0.16506871338057,-4.997274489145352
-0.133635423877525,-4.99821383831115,-0.13363542387752503,-4.998213838311152
-0.102196848109556,-4.99895547131963,-0.10219684810955607,-4.99895547131963
-0.0707542297038116,-4.99949935883374,-0.07075422970381161,-4.9994993588337415
-0.0393088124473401,-4.99984547933873,-0.03930881244734014,-4.999845479338731
-0.00786184023792445,-4.99999381914299,-0.00786184023792446,-4.999993819142992
0.023585442965161,-4.99994437237857,0.02358544296516103,-4.999944372378571
0.0550317931903216,-4.99969714100147,0.05503179319032161,-4.999697141001471
0.0864759665028873,-4.9992521347915,0.08647596650288726,-4.9992521347915
0.117916719054282,-4.99860937135194,0.11791671905428205,-4.998609371351941
0.149352807131266,-4.99776887610882,0.14935280713126603,-4.99776887610882
0.180782987205093,-4.9967306823099,0.18078298720509295,-4.9967306823099
0.212206015980741,-4.99549483102341,0.2122060159807409,-4.99549483102341
0.243620650446058,-4.99406137113635,0.24362065044605793,-4.9940613711363495
0.275025647920965,-4.99243035935261,0.27502564792096507,-4.99243035935261
0.306419766106583,-4.99060186019073,0.306419766106583,-4.99060186019073
0.337801763134391,-4.98857594598131,0.33780176313439103,-4.988575945981309
0.369170397615361,-4.98635269686416,0.36917039761536097,-4.986352696864159
0.400524428689034,-4.98393220078517,0.4005244286890339,-4.983932200785169
0.431862616072642,-4.98131455349277,0.4318626160726421,-4.981314553492769
0.463183720110135,-4.97849985853419,0.463183720110135,-4.978499858534189
0.494486501821249,-4.97548822725133,0.494486501821249,-4.975488227251329
0.525769722950489,-4.97227977877639,0.5257697229504888,-4.9722797787763895
0.557032146016141,-4.96887464002712,0.5570321460161409,-4.968874640027117
0.58827253435919,-4.96527294570184,0.58827253435919,-4.965272945701839
0.619489652192275,-4.96147483827407,0.619489652192275,-4.96147483827407
0.65068226464854,-4.95748046798692,0.65068226464854,-4.95748046798692
0.681849137830499,-4.95328999284716,0.681849137830499,-4.953289992847159
0.712989038858851,-4.94890357861892,0.7129890388588509,-4.9489035786189195
0.744100735921244,-4.94432139881718,0.7441007359212439,-4.944321398817179
0.77518299832099,-4.93954363470089,0.7751829983209899,-4.939543634700889
0.80623459652576,-4.9345704752658,0.80623459652576,-4.9345704752658
0.837254302216227,-4.92940211723698,0.8372543022162271,-4.929402117236979
0.86824088833465,-4.92403876506104,0.8682408883346501,-4.92403876506104
0.899193129133399,-4.91848063089805,0.8991931291333992,-4.918480630898051
0.930109800223458,-4.91272793461314,0.9301098002234582,-4.912727934613141
0.960989678622864,-4.9067809037678,0.9609896786228644,-4.9067809037678005
0.991831542805066,-4.90063977361088,0.9918315428050662,-4.90063977361088
1.02263417274725,-4.89430478706931,1.02263417274725,-4.894304787069309
1.05339634997863,-4.88777619473843,1.0533963499786305,-4.88777619473843
1.08411685762859,-4.88105425487215,1.0841168576285904,-4.881054254872148
1.11479448047489,-4.87413923337267,1.1147944804748902,-4.874139233372669
1.14542800499165,-4.86703140378001,1.1454280049916505,-4.867031403780009
1.17601621939745,-4.85973104726117,1.1760162193974504,-4.85973104726117
1.20655791370319,-4.85223845259899,1.2065579137031903,-4.85223845259899
1.23705187976001,-4.84455391618075,1.2370518797600103,-4.844553916180749
1.26749691130702,-4.83667774198645,1.2674969113070205,-4.836677741986451
1.29789180401907,-4.82861024157677,1.29789180401907,-4.8286102415767695
1.32823535555438,-4.82035173408075,1.3282353555543802,-4.820351734080748
1.35852636560206,-4.81190254618317,1.3585263656020596,-4.811902546183168
1.38876363592965,-4.80326301211161,1.3887636359296505,-4.80326301211161
1.41894597043048,-4.79443347362325,1.4189459704304803,-4.79443347362325
1.44907217517101,-4.78541427999135,1.4490721751710098,-4.785414279991349
1.47914105843801,-4.77620578799143,1.4791410584380098,-4.7762057879914295
1.50915143078578,-4.76680836188715,1.5091514307857796,-4.766808361887148
1.53910210508314,-4.75722237341588,1.5391021050831395,-4.757222373415878
1.56899189656039,-4.74744820177407,1.5689918965603906,-4.747448201774071
1.59881962285622,-4.73748623360215,1.5988196228562195,-4.737486233602149
1.62858410406445,-4.72733686296932,1.62858410406445,-4.727336862969319
1.6582841627807,-4.71700049135791,1.6582841627807001,-4.717000491357911
1.68791862414896,-4.70647752764752,1.68791862414896,-4.706477527647519
1.71748631590811,-4.69576838809884,1.71748631590811,-4.69576838809884
1.74698606843825,-4.68487349633719,1.74698606843825,-4.68487349633719
1.77641671480697,-4.67379328333575,1.77641671480697,-4.67379328333575
1.8057770908155,-4.66252818739854,1.8057770908154995,-4.662528187398539
1.83506603504482,-4.65107865414302,1.83506603504482,-4.651078654143021
1.86428238890154,-4.63944513648255,1.8642823889015396,-4.639445136482551
1.89342499666375,-4.62762809460839,1.8934249966637502,-4.627628094608392
1.92249270552674,-4.61562799597156,1.9224927055267402,-4.61562799597156
1.95148436564862,-4.60344531526432,1.9514843656486203,-4.603445315264319
1.98039883019579,-4.59108053440137,1.9803988301957909,-4.591080534401371
2.00923495538826,-4.57853414250085,2.00923495538826,-4.578534142500848
2.03799160054498,-4.56580663586492,2.0379916005449803,-4.565806635864921
2.06666762812892,-4.55289851796018,2.06666762812892,-4.552898517960179
2.09526190379205,-4.53981029939773,2.0952619037920504,-4.539810299397729
2.12377329642024,-4.52654249791298,2.1237732964202403,-4.526542497912979
2.15220067817799,-4.51309563834517,2.1522006781779903,-4.5130956383451695
2.18054292455305,-4.49947025261659,2.1805429245530505,-4.49947025261659
2.20879891440092,-4.48566687971157,2.2087989144009206,-4.4856668797115695
2.23696752998913,-4.47168606565514,2.2369675299891303,-4.471686065655139
2.26504765704157,-4.45752836349142,2.26504765704157,-4.457528363491419
2.29303818478246,-4.44319433326178,2.293038184782461,-4.443194333261781
2.32093800598033,-4.42868454198265,2.3209380059803295,-4.42868454198265
2.34874601699185,-4.4139995636231,2.34874601699185,-4.4139995636231
2.37646111780545,-4.39913997908215,2.3764611178054498,-4.399139979082151
2.40408221208483,-4.38410637616577,2.40408221208483,-4.3841063761657715
2.43160820721233,-4.36889934956364,2.4316082072123297,-4.368899349563641
2.45903801433221,-4.35351950082564,2.4590380143322106,-4.353519500825642
2.48637054839362,-4.33796743833801,2.48637054839362,-4.337967438338011
2.51360472819361,-4.32224377729932,2.5136047281936094,-4.32224377729932
2.54073947641985,-4.30634913969615,2.5407394764198505,-4.30634913969615
2.56777371969326,-4.29028415427844,2.5677737196932604,-4.2902841542784405
2.59470638861048,-4.27404945653463,2.5947063886104815,-4.27404945653463
2.62153641778616,-4.25764568866656,2.6215364177861598,-4.2576456886665595
2.6482627458951,-4.24107349956401,2.6482627458951007,-4.24107349956401
2.67488431571425,-4.22433354477909,2.6748843157142503,-4.224333544779089
2.70140007416454,-4.20742648650025,2.701400074164541,-4.207426486500251
2.72780897235246,-4.19035299352613,2.7278089723524612,-4.19035299352613
2.75410996561167,-4.17311374123909,2.754109965611671,-4.17311374123909
2.78030201354424,-4.15570941157847,2.7803020135442407,-4.15570941157847
2.80638408006183,-4.13814069301366,2.8063840800618296,-4.138140693013658
2.83235513342667,-4.12040828051682,2.832355133426671,-4.120408280516818
2.85821414629239,-4.10251287553544,2.858214146292391,-4.10251287553544
2.88396009574465,-4.08445518596453,2.88396009574465,-4.084455185964528
2.90959196334158,-4.06623592611866,2.909591963341581,-4.06623592611866
2.93510873515409,-4.04785581670372,2.935108735154091,-4.04785581670372
2.960509401806,-4.02931558478835,2.960509401806,-4.029315584788349
2.98579295851393,-4.01061596377522,2.9857929585139305,-4.01061596377522
3.01095840512705,-3.99175769337203,3.0109584051270506,-3.9917576933720302
3.03600474616666,-3.97274151956222,3.0360047461666606,-3.97274151956222
3.06093099086557,-3.95356819457547,3.060930990865571,-3.953568194575471
3.08573615320728,-3.93423847685795,3.0857361532072805,-3.93423847685795
3.11041925196498,-3.91475313104232,3.1104192519649803,-3.91475313104232
3.13497931074039,-3.89511292791746,3.1349793107403903,-3.8951129279174594
3.15941535800236,-3.87531864439801,3.15941535800236,-3.875318644398011
3.1837264271253,-3.85537106349362,3.1837264271252996,-3.8553710634936196
3.20791155642744,-3.83527097427799,3.2079115564274394,-3.835270974277989
3.23196978920884,-3.81501917185764,3.2319697892088404,-3.81501917185764
3.25590017378928,-3.79461645734045,3.25590017378928,-3.794616457340449
3.27970176354584,-3.77406363780399,3.279701763545841,-3.7740636378039905
3.30337361695041,-3.75336152626362,3.3033736169504095,-3.7533615262636197
3.3269147976069,-3.73251094164026,3.3269147976069,-3.7325109416402595
3.35032437428828,-3.71151270872805,3.350324374288279,-3.7115127087280486
3.37360142097346,-3.6903676581617,3.373601420973459,-3.690367658161699
3.39674501688385,-3.66907662638364,3.3967450168838504,-3.6690766263836405
3.41975424651983,-3.64764045561094,3.4197542465198305,-3.6476404556109396
3.44262819969696,-3.62605999380199,3.4426281996969603,-3.626059993801991
3.46536597158198,-3.60433609462293,3.4653659715819805,-3.6043360946229304
3.48796666272861,-3.58246961741392,3.4879666627286103,-3.58246961741392
3.51042937911311,-3.56046142715513,3.51042937911311,-3.56046142715513
3.53275323216966,-3.53831239443252,3.5327532321696604,-3.53831239443252
3.55493733882551,-3.51602339540342,3.55493733882551,-3.51602339540342
3.57698082153591,-3.49359531176184,3.5769808215359102,-3.4935953117618395
3.59888280831882,-3.47102903070361,3.598882808318819,-3.471029030703609
3.6206424327894,-3.44832544489131,3.6206424327894,-3.44832544489131
3.6422588341943,-3.42548545241891,3.6422588341943,-3.4254854524189104
3.6637311574457,-3.40250995677626,3.6637311574456994,-3.4025099567762602
3.6850585531551,-3.3793998668134,3.6850585531550997,-3.379399866813399
3.706240177667,-3.35615609670451,3.706240177666999,-3.3561560967045097
3.72727519309218,-3.33277956591186,3.727275193092179,-3.332779565911859
3.74816276734091,-3.30927119914934,3.7481627673409093,-3.309271199149339
3.76890207415585,-3.28563192634594,3.7689020741558505,-3.2856319263459404
3.7894922931447,-3.26186268260896,3.7894922931446997,-3.2618626826089594
3.80993260981273,-3.23796440818697,3.80993260981273,-3.2379644081869707
3.83022221559489,-3.2139380484327,3.8302222155948886,-3.213938048432699
3.85036030788791,-3.18978455376556,3.850360307887911,-3.18978455376556
3.87034609008195,-3.16550487963411,3.87034609008195,-3.16550487963411
3.8901787715922,-3.14109998647821,3.8901787715921996,-3.1410999864782094
3.90985756789006,-3.11657083969108,3.9098575678900587,-3.11657083969108
3.92938170053427,-3.09191840958108,3.929381700534269,-3.0919184095810794
3.94875039720163,-3.06714367133331,3.94875039720163,-3.0671436713333105
3.96796289171757,-3.04224760497109,3.9679628917175696,-3.0422476049710894
3.98701842408649,-3.01723119531713,3.9870184240864885,-3.0172311953171302
4.00591624052179,-2.99209543195464,4.00591624052179,-2.99209543195464
4.02465559347567,-2.9668413091881,4.024655593475669,-2.9668413091880996
4.04323574166877,-2.94146982600403,4.04323574166877,-2.94146982600403
4.06165595011943,-2.91598198603137,4.061655950119429,-2.915981986031369
4.07991549017277,-2.89037879750186,4.0799154901727706,-2.89037879750186
4.09801363952956,-2.8646612732101,4.09801363952956,-2.8646612732101
4.11594968227473,-2.83883043047354,4.11594968227473,-2.83883043047354
4.13372290890573,-2.81288729109219,4.13372290890573,-2.8128872910921894
4.1513326163606,-2.78683288130821,4.1513326163606,-2.78683288130821
4.16877810804576,-2.76066823176535,4.1687781080457595,-2.76066823176535
4.18605869386355,-2.73439437746814,4.186058693863548,-2.7343943774681394
4.20317369023959,-2.70801235774095,4.203173690239591,-2.70801235774095
4.22012242014975,-2.68152321618691,4.22012242014975,-2.68152321618691
4.23690421314698,-2.6549280006466,4.236904213146979,-2.6549280006465996
4.25351840538781,-2.62822776315661,4.253518405387809,-2.6282277631566107
4.2699643396586,-2.6014235599079,4.269964339658599,-2.601423559907899
4.28624136540158,-2.57451645120406,4.28624136540158,-2.5745164512040595
4.30234883874054,-2.54750750141937,4.3023488387405395,-2.5475075014193695
4.3182861225063,-2.52039777895663,4.3182861225063,-2.52039777895663
4.33405258626196,-2.49318835620496,4.33405258626196,-2.49318835620496
4.3496476063278,-2.46588030949737,4.349647606327799,-2.4658803094973694
4.36507056580594,-2.43847471906818,4.36507056580594,-2.4384747190681804
4.38032085460479,-2.41097266901024,4.38032085460479,-2.41097266901024
4.39539786946315,-2.38337524723214,4.3953978694631495,-2.3833752472321397
4.41030101397406,-2.35568354541509,4.410301013974061,-2.355683545415091
4.42502969860844,-2.32789865896979,4.42502969860844,-2.3278986589697905
4.43958334073836,-2.30002168699306,4.439583340738361,-2.300021686993061
4.45396136466014,-2.27205373222439,4.453961364660141,-2.2720537322243906
4.46816320161706,-2.24399590100231,4.4681632016170605,-2.243995901002311
4.48218828982191,-2.21584930322063,4.482188289821912,-2.21584930322063
4.49603607447918,-2.18761505228452,4.496036074479182,-2.18761505228452
4.50970600780705,-2.15929426506649,4.5097060078070506,-2.1592942650664897
4.52319754905899,-2.13088806186218,4.52319754905899,-2.1308880618621795
4.53651016454522,-2.10239756634608,4.536510164545221,-2.1023975663460797
4.54964332765378,-2.07382390552703,4.549643327653779,-2.0738239055270298
4.56259651887138,-2.04516820970373,4.562596518871379,-2.0451682097037294
4.57536922580393,-2.01643161241991,4.57536922580393,-2.016431612419911
4.58796094319683,-1.98761525041957,4.587960943196829,-1.9876152504195699
4.60037117295496,-1.95872026360199,4.600371172954958,-1.95872026360199
4.61259942416234,-1.92974779497664,4.612599424162339,-1.92974779497664
4.62464521310162,-1.90069899061799,4.624645213101619,-1.9006989906179899
4.63650806327316,-1.8715749996201,4.6365080632731575,-1.8715749996200997
4.64818750541389,-1.84237697405125,4.648187505413891,-1.8423769740512497
4.65968307751587,-1.81310606890834,4.659683077515871,-1.8131060689083405
4.6709943248446,-1.78376344207116,4.6709943248446,-1.78376344207116
4.68212079995696,-1.75435025425665,4.68212079995696,-1.75435025425665
4.69306206271895,-1.72486766897295,4.69306206271895,-1.7248676689729503
4.70381768032305,-1.69531685247338,4.70381768032305,-1.69531685247338
4.71438722730542,-1.66569897371029,4.714387227305419,-1.66569897371029
4.72477028556264,-1.63601520428886,4.72477028556264,-1.6360152042888596
4.73496644436832,-1.60626671842072,4.73496644436832,-1.6062667184207196
4.74497530038929,-1.57645469287752,4.7449753003892905,-1.5764546928775194
4.75479645770163,-1.54658030694435,4.75479645770163,-1.54658030694435
4.76442952780623,-1.51664474237313,4.76442952780623,-1.5166447423731297
4.77387412964427,-1.48664918333586,4.77387412964427,-1.4866491833358597
4.78312988961219,-1.45659481637774,4.783129889612189,-1.45659481637774
4.79219644157654,-1.42648283037025,4.79219644157654,-1.42648283037025
4.80107342688845,-1.39631441646415,4.8010734268884505,-1.3963144164641506
4.80976049439777,-1.36609076804233,4.8097604943977705,-1.36609076804233
4.81825730046704,-1.33581308067261,4.818257300467041,-1.3358130806726098
4.82656350898502,-1.30548255206044,4.82656350898502,-1.30548255206044
4.83467879137999,-1.27510038200155,4.83467879137999,-1.2751003820015496
4.8426028266328,-1.24466777233446,4.842602826632799,-1.2446677723344597
4.8503353012895,-1.21418592689294,4.8503353012895,-1.21418592689294
4.8578759094738,-1.1836560514584,4.857875909473799,-1.1836560514583998
4.86522435289912,-1.1530793537122,4.865224352899121,-1.1530793537121997
4.87238034088042,-1.12245704318787,4.87238034088042,-1.1224570431878695
4.87934359034568,-1.09179033122322,4.87934359034568,-1.0917903312232198
4.88611382584713,-1.06108043091254,4.886113825847129,-1.06108043091254
4.8926907795721,-1.03032855705846,4.8926907795721,-1.0303285570584602
4.89907419135365,-0.999535926124027,4.899074191353651,-0.9995359261240271
4.90526380868084,-0.968703756184486,4.90526380868084,-0.968703756184486
4.91125938670874,-0.937833266879186,4.911259386708739,-0.9378332668791858
4.91706068826809,-0.906925679363258,4.917060688268089,-0.9069256793632577
4.92266748387471,-0.875982216259346,4.92266748387471,-0.8759822162593461
4.92807955173854,-0.845004101609244,4.9280795517385405,-0.8450041016092442
4.93329667777246,-0.813992560825473,4.933296677772461,-0.8139925608254731
4.93831865560072,-0.782948820642792,4.938318655600721,-0.782948820642792
4.94314528656711,-0.751874109069685,4.943145286567111,-0.7518741090696847
4.94777637974286,-0.720769655339791,4.947776379742864,-0.7207696553397908
4.95221175193412,-0.68963668986327,4.952211751934122,-0.6896366898632696
4.95645122768928,-0.658476444178122,4.95645122768928,-0.6584764441781221
4.96049463930584,-0.627290150901478,4.96049463930584,-0.627290150901478
4.96434182683712,-0.596079043680867,4.96434182683712,-0.5960790436808672
4.96799263809851,-0.564844357145367,4.96799263809851,-0.5648443571453671
4.97144692867356,-0.533587326856795,4.971446928673558,-0.533587326856795
4.97470456191964,-0.502309189260838,4.974704561919639,-0.5023091892608381
4.97776540897337,-0.471011181638132,4.977765408973369,-0.47101118163813205
4.98062934875571,-0.439694542055309,4.980629348755709,-0.43969454205530906
4.98329626797676,-0.408360509316034,4.98329626797676,-0.4083605093160341
4.98576606114023,-0.377010322912007,4.985766061140228,-0.377010322912007
4.98803863054761,-0.345645222973924,4.988038630547609,-0.345645222973924
4.99011388630206,-0.314266450222414,4.990113886302061,-0.314266450222414
4.99199174631192,-0.282875245918964,4.991991746311922,-0.282875245918964
4.993672136294,-0.251472851816831,4.993672136294002,-0.25147285181683104
4.99515498977652,-0.220060510111911,4.99515498977652,-0.22006051011191094
4.9964402481017,-0.188639463393586,4.996440248101701,-0.18863946339358603
4.99752786042811,-0.157210954595601,4.997527860428112,-0.15721095459560105
4.99841778373267,-0.12577622694688,4.99841778373267,-0.12577622694688
4.99910998281237,-0.0943365239223384,4.999109982812371,-0.09433652392233842
4.99960443028563,-0.0628930891937062,4.999604430285631,-0.06289308919370622
4.99990110659342,-0.0314471665803376,4.999901106593421,-0.0314471665803376
5,-1.22818422099158E-15,4.999999999999999,-1.2368578383714635E-15
